315.89,252.54,691.2,92.426,178.92,0.061504,0.26259,0.29412,1.7729,5.7183,-2.0494,2.9544,0.90284,2.7242,-1.279,0.35011,0.82365,2.7162,-0.83478,0.80986,0.56607,1.0864,-1.2835,0.023107,0.41136,1.5249,-0.59422,0.41255,0.48295,0.57766,-1.5895,-0.29473,0.44516,0.73431,-1.3453,-0.19169,0.33505,1.0886,-0.60012,0.031076,0.33532,1.0052,-0.80914,0.0086743,0.35632,0.93101,-0.72602,0.049902,0.28364,0.60675,-0.97413,-0.029464,0.16186,0.49187,-0.4168,-0.019923,0.87399,2.9544,-0.29473,0.34199
125.56,27.023,175.2,93.792,114.42,0.10159,0.26621,0.36697,2.2884,4.853,-3.9671,2.2869,0.84809,3.2038,-1.7648,0.60935,0.81243,3.7585,-0.88779,1.0364,0.42915,1.3995,-0.77826,0.26162,0.41475,1.8232,-0.7336,0.5295,0.54616,0.94226,-1.2055,-0.05033,0.38792,0.80837,-1.2992,-0.13363,0.20362,0.73925,-0.44718,-0.010584,0.24354,0.85145,-0.43646,0.24137,0.22512,0.50111,-0.79604,-0.12204,0.27605,0.34791,-0.87137,-0.16002,0.22359,0.60927,-0.65408,0.063263,0.702,2.2869,-0.16002,0.37932
132.44,49.556,385.12,76.536,129.13,0.06672,0.22816,0.5618,1.8992,5.4043,-2.8193,2.1019,0.54071,1.8135,-1.4397,0.42855,1.004,3.4356,-1.0573,1.3072,0.5313,1.5283,-1.1843,0.33973,0.35805,1.1416,-0.96129,0.19967,0.42016,0.762,-1.1168,-0.20001,0.41784,0.96381,-1.1816,-0.14257,0.26607,1.1202,-0.48871,0.11778,0.27009,0.77715,-0.61883,0.023411,0.26351,0.85689,-0.89709,-0.18946,0.29046,0.55193,-0.82853,-0.083517,0.21647,0.52912,-0.73198,-0.0090662,0.69544,2.1019,-0.20001,0.32447
122.01,60.804,637.73,94.271,113.45,0.056476,0.19652,0.29979,1.8434,5.3009,-2.5091,2.7034,0.93013,3.0938,-1.4701,0.65906,0.85403,3.2641,-0.92337,0.68449,0.57334,1.4253,-1.5306,-0.031521,0.39994,1.6724,-0.6248,0.42728,0.44455,0.66198,-1.4191,-0.2509,0.43073,1.0035,-1.0038,-0.1769,0.27907,0.99126,-0.76855,-0.0049292,0.26449,0.93692,-0.62288,0.14306,0.3892,0.66639,-1.0275,-0.13878,0.28006,0.58062,-0.89361,-0.071134,0.21865,0.67831,-0.61241,0.018718,0.81052,2.7034,-0.2509,0.33016
118.67,21.222,153.92,82.929,111.87,0.068874,0.23954,0.61381,1.7208,5.9032,-3.0153,3.0261,0.76948,2.5216,-1.424,0.15871,0.95833,3.7646,-0.51431,1.2277,0.51324,1.4882,-0.94273,0.39982,0.38968,1.7117,-0.73098,0.35356,0.46245,0.94608,-1.4423,-0.22369,0.51195,1.0586,-1.3951,-0.071233,0.3533,0.95359,-0.79493,0.035137,0.34652,0.6194,-0.95929,-0.073858,0.25454,0.70421,-0.63863,-0.060619,0.26161,0.68372,-0.818,-0.11837,0.23516,0.57053,-0.70926,-0.076179,0.92017,3.0261,-0.22369,0.38142
222.54,41.918,285.03,153.38,219.59,0.060907,0.27646,0.16807,1.744,5.3562,-2.8826,2.4078,0.69749,2.0821,-1.4922,0.34571,0.82331,2.787,-1.029,0.37651,0.56394,2.1036,-0.98312,0.40904,0.46065,2.0058,-0.85726,0.36945,0.58343,1.4907,-1.3326,-0.041988,0.3617,0.86877,-0.76603,0.034196,0.35243,0.84487,-1.0373,-0.02665,0.30314,0.94963,-0.48509,0.22172,0.24996,0.50016,-0.65976,-0.040622,0.20879,0.53606,-0.59443,-0.026147,0.27293,0.95528,-0.53461,0.26442,0.67093,2.4078,-0.041988,0.35779
203.25,44.401,289.82,140.66,198.11,0.10871,0.30554,0.36697,1.4264,5.1502,-1.7017,2.3452,0.85941,2.3315,-1.8556,0.54629,1.1219,2.7545,-1.794,0.67323,0.68258,1.8692,-1.4053,0.3976,0.37597,1.2263,-0.60576,0.19412,0.53223,1.4701,-1.1541,0.13586,0.26667,0.68225,-0.67192,0.041437,0.30689,0.58803,-0.91234,-0.10989,0.28467,0.7987,-0.61382,0.16299,0.27219,0.60136,-0.7532,-0.14193,0.25432,0.53942,-0.64696,-0.020391,0.25739,0.9995,-0.33731,0.29635,0.66821,2.3452,-0.14193,0.37674
205.14,45.884,293.66,148.4,195.35,0.12964,0.33833,0.4,1.4036,4.8698,-1.143,2.5915,0.79951,2.3515,-1.7438,0.46949,0.92065,2.4714,-1.2132,0.42557,0.43069,1.8434,-0.63505,0.58871,0.33148,1.0428,-0.64423,0.22096,0.55618,1.6773,-0.95938,0.231,0.43739,0.82172,-0.96041,-0.065819,0.27761,0.52179,-0.62778,-0.028765,0.32417,1.0075,-0.44267,0.22754,0.24939,0.50631,-0.67506,-0.18818,0.2386,0.74269,-0.54728,0.14362,0.28563,1.2472,-0.15235,0.37505,0.72262,2.5915,-0.18818,0.41589
229.19,46.348,318.29,147.68,228.79,0.0766,0.25226,0.23753,2.0428,6.0715,-3.854,2.0538,0.84071,3.1524,-1.7688,0.75375,0.84104,2.483,-1.1337,0.59594,0.547,1.4761,-1.206,0.30726,0.41342,1.373,-0.84933,0.24766,0.489,1.2732,-1.4294,0.025768,0.3195,0.88822,-1.1253,0.033761,0.29791,0.71372,-1.0323,-0.060663,0.35357,1.1414,-0.83723,0.11699,0.30807,0.77266,-1.0739,-0.17459,0.24521,0.6815,-0.68805,0.028119,0.28097,1.2156,-0.44059,0.28272,0.59926,2.0538,-0.17459,0.35088
220.98,51.401,292.92,134.61,222.76,0.12166,0.48956,0.11869,1.9684,5.4513,-3.158,2.5296,0.55508,2.5473,-0.64486,0.84126,0.66153,2.3175,-0.91071,0.78024,0.42366,1.4308,-0.60198,0.52444,0.39872,1.1022,-0.89392,0.17402,0.46169,1.4487,-1.044,0.32602,0.39602,0.94969,-1.0088,0.08262,0.32874,0.78533,-0.79338,-0.05193,0.25547,0.67905,-0.61092,0.13532,0.24068,0.58273,-0.83004,-0.10302,0.26664,0.48911,-0.84256,-0.11346,0.22581,0.86178,-0.19286,0.29635,0.72719,2.5296,-0.11346,0.45179
193.15,42.589,302.81,133.61,192.39,0.11843,0.29248,0.42553,2.2184,5.1867,-3.9834,1.53,0.71505,2.5755,-0.65118,0.86966,0.88075,2.8789,-1.046,1.0045,0.49915,1.5498,-1.0857,0.33693,0.40456,1.096,-1.0472,0.055097,0.55152,1.7266,-0.884,0.23811,0.34844,1.0799,-1.4787,0.07455,0.33402,0.61351,-0.96764,-0.098575,0.2327,0.72284,-0.75225,0.013048,0.29002,0.47,-0.87594,-0.23551,0.27681,0.76043,-0.71035,0.0092956,0.28334,1.2346,-0.44518,0.27173,0.5261,1.53,-0.23551,0.33906
183.53,27.324,266.97,135.05,175.65,0.059815,0.21433,0.16304,1.6987,5.883,-2.2767,2.9363,0.82843,2.8542,-1.3947,0.5889,0.96436,2.921,-1.7623,0.48419,0.52669,1.754,-1.0418,0.33533,0.4304,1.4093,-0.80405,0.22333,0.46165,1.2779,-0.92714,0.20565,0.42502,0.98146,-1.5247,-0.041599,0.37136,1.1896,-0.93009,0.055958,0.31639,0.88631,-0.65913,0.087565,0.28097,0.99517,-0.78215,-0.096704,0.22651,0.45151,-0.7377,-0.12616,0.25028,1.2607,-0.38999,0.31328,0.82509,2.9363,-0.12616,0.41384
196.8,41.382,269.86,136.89,179.22,0.11128,0.3529,0.20134,1.6181,5.7215,-2.0374,2.9263,0.72233,2.7853,-1.3628,0.5967,0.85517,2.3602,-1.441,0.30977,0.54048,1.6774,-1.0034,0.35823,0.4932,1.8507,-1.2465,0.4216,0.4728,1.6427,-1.1724,0.23553,0.49458,1.3932,-1.0654,0.13331,0.33194,0.88653,-0.84302,0.0031588,0.2863,1.1242,-0.62327,0.13281,0.29632,0.83081,-0.98399,-0.12894,0.2578,0.71725,-0.77614,-0.058365,0.31311,1.2295,-0.52133,0.37984,0.81054,2.9263,-0.12894,0.44249
174.6,32.303,263.55,132.01,172.76,0.10506,0.32946,0.24,1.438,5.8269,-2.1534,2.4895,0.73144,2.0814,-1.7872,0.67273,0.85766,2.5376,-1.2418,0.7579,0.44801,1.8709,-0.72913,0.56213,0.43462,1.5531,-0.98275,0.182,0.51958,2.0369,-0.8615,0.48586,0.38024,1.0439,-1.0249,0.011804,0.34299,0.73677,-1.0816,-0.0098808,0.24433,0.99382,-0.47884,0.13719,0.25046,0.42162,-0.99823,-0.21303,0.22948,0.69156,-0.54898,0.0343,0.27928,1.1115,-0.38117,0.33387,0.70818,2.4895,-0.21303,0.4537
176.28,32.317,245.77,134.5,177.75,0.1208,0.31018,0.39024,1.5119,5.2592,-2.3711,2.4668,0.75128,2.9709,-0.87813,0.84706,0.95557,2.9109,-1.2158,1.009,0.45922,1.7921,-0.75453,0.47774,0.49366,1.3103,-0.94128,0.14602,0.47511,1.8399,-0.97367,0.42943,0.34231,0.87751,-0.90294,0.040989,0.36017,0.84791,-0.93808,-0.098574,0.29224,0.92424,-0.45299,0.09092,0.21529,0.18335,-0.92952,-0.30638,0.24915,0.62998,-0.53802,0.043034,0.30316,1.2196,-0.39179,0.24811,0.73898,2.4668,-0.30638,0.44951
184.49,37.59,279.62,138.97,176.22,0.093439,0.28766,1.746,1.5174,4.8863,-2.0585,2.3555,0.85164,2.8122,-1.2707,0.29659,0.97281,2.8551,-0.78802,0.99689,0.71596,1.4317,-1.4851,-0.0031554,0.41355,1.7081,-0.22946,0.78864,0.5329,0.65442,-1.7183,-0.34303,0.36688,1.0427,-0.53242,0.22535,0.31373,0.45824,-0.85592,-0.053247,0.29464,0.66594,-0.70219,0.050511,0.26574,0.21846,-0.94038,-0.2401,0.31907,0.86398,-0.45171,0.19239,0.24248,0.48946,-0.48183,0.066859,0.7361,2.3555,-0.34303,0.3611
181.07,58.838,346.94,128.08,155.14,0.098163,0.25225,0.40609,1.5396,4.769,-2.2448,2.6864,1.1237,3.0422,-2.0647,0.091894,0.66427,2.6708,-0.31696,0.92407,0.60259,1.1115,-1.3742,-0.039077,0.35285,1.658,0.034589,0.89517,0.48592,0.75386,-1.265,-0.24932,0.34553,1.0245,-0.6357,0.23918,0.42916,1.0198,-0.86024,0.091664,0.25604,0.72129,-0.63109,0.14474,0.21725,0.3386,-0.72474,-0.12985,0.28127,0.7003,-0.75939,0.12676,0.23555,0.66597,-0.43562,0.15985,0.80082,2.6864,-0.24932,0.41179
174.05,24.408,242.39,133.64,175.37,0.071567,0.19917,0.35897,2.065,5.4802,-3.4999,1.9446,0.85299,3.0144,-1.5058,0.53428,0.82685,2.9469,-1.0065,0.94397,0.57861,1.197,-1.3416,-0.081848,0.46211,1.7803,-0.64249,0.55794,0.43143,0.71779,-1.2207,-0.13242,0.41257,1.0281,-0.80931,0.059788,0.33806,0.86597,-1.3334,0.056311,0.25196,0.65711,-0.77429,-0.047381,0.30785,0.46996,-1.1441,-0.18033,0.24276,0.98496,-0.5774,0.27722,0.21317,0.78207,-0.59369,0.15863,0.60623,1.9446,-0.18033,0.3409
190.95,16.122,213.3,157.13,188.46,0.095741,0.24596,0.45198,1.4906,4.7542,-2.6724,2.3291,0.9842,2.7702,-1.6998,0.27009,0.748,2.639,-1.3678,0.83082,0.6427,1.4349,-1.8637,0.017053,0.5144,2.1589,-0.23243,1.0588,0.32937,1.0002,-1.1659,-0.1657,0.44187,1.4463,-0.8812,0.13292,0.48415,1.2855,-1.4562,0.17462,0.29149,0.79379,-0.94468,0.024066,0.27651,0.62059,-0.90789,-0.12008,0.24794,0.84287,-0.54222,0.15816,0.23715,0.70378,-0.87441,0.026536,0.71071,2.3291,-0.1657,0.3947
168.98,123.19,528.06,76.821,136.04,0.11071,0.29989,0.41152,1.444,6.0383,-0.26436,2.8201,0.62652,1.9295,-1.3984,0.34741,0.8917,3.582,-0.025759,1.2353,0.67395,1.4197,-1.4978,0.25734,0.33369,1.2206,-0.40399,0.37415,0.40989,0.86581,-0.85645,-0.049944,0.41745,0.61582,-1.4673,-0.3381,0.31461,0.62848,-1.0276,-0.11942,0.25517,0.32599,-0.995,-0.32813,0.28025,0.8213,-0.29832,0.27172,0.21794,0.48603,-0.72751,-0.010375,0.19931,0.60436,-0.65547,0.07913,0.87427,2.8201,-0.3381,0.37827
133.4,83.282,524.22,90.811,111.65,0.083468,0.27839,0.44872,2.1114,6.0453,-2.8004,2.643,0.73891,2.5581,-1.6892,0.42566,0.79799,3.8299,-0.57366,1.1644,0.59809,1.8921,-1.4235,0.2049,0.37853,1.6942,-0.53482,0.47575,0.43024,0.96276,-0.99799,-0.024665,0.43507,0.59844,-1.5839,-0.4293,0.35774,0.97188,-0.99839,-0.021396,0.22718,0.50161,-0.8269,-0.15204,0.29912,0.84626,-0.69332,-0.0030999,0.26522,0.59612,-0.81853,-0.083957,0.24824,0.86121,-0.42216,0.09671,0.8245,2.643,-0.4293,0.358
138.09,92.256,572.27,76.31,103.95,0.10713,0.26546,0.84416,2.1636,5.3533,-2.45,2.6814,0.66036,2.2122,-1.4705,0.38577,0.76967,3.1402,-0.87615,0.99022,0.46542,1.3805,-0.74886,0.27255,0.47883,1.7198,-0.79981,0.491,0.58781,1.4084,-1.1627,0.19642,0.46142,0.57059,-1.6761,-0.41177,0.31292,0.7877,-0.88443,-0.13276,0.33193,0.44748,-0.84708,-0.22328,0.24099,0.57104,-0.75225,-0.038438,0.22227,0.7747,-0.45944,0.066867,0.21105,0.49578,-0.62036,-0.039739,0.82136,2.6814,-0.41177,0.35319
116.91,23.559,153.62,83.656,109.43,0.095426,0.23956,0.45283,1.7281,5.2033,-1.9415,2.3544,0.64556,2.1522,-1.0917,0.32306,0.80229,3.4036,-0.07164,1.5007,0.4748,1.455,-1.0332,0.38438,0.42427,1.5744,-0.25986,0.68834,0.37483,0.88333,-0.89229,0.040841,0.49971,0.72694,-1.7515,-0.35153,0.33669,0.64709,-0.95718,-0.05503,0.25482,0.57774,-0.70822,-0.15926,0.27066,0.52161,-1.0686,-0.13186,0.23263,0.41482,-0.76704,-0.20396,0.19059,0.85498,-0.22079,0.28668,0.79735,2.3544,-0.35153,0.38973
103.1,13.188,133.09,76.882,99.966,0.12476,0.3032,0.52506,1.6634,5.7579,-2.2095,2.9648,0.8106,3.2181,-1.8059,0.50909,0.75816,2.8492,-1.1395,0.92862,0.57408,1.0761,-1.4017,-0.12238,0.41787,1.9362,-0.29801,0.71362,0.36875,1.3475,-0.70372,0.34727,0.49323,0.69151,-1.8933,-0.44562,0.2908,0.67763,-0.81808,-0.16465,0.28411,0.33156,-1.1701,-0.24372,0.31682,0.77665,-0.96636,-0.039759,0.26861,0.31308,-0.94283,-0.23184,0.2648,1.0188,-0.38407,0.19827,0.92013,2.9648,-0.44562,0.36781
118.38,24.399,440.99,80.309,114.17,0.11121,0.2662,0.76923,1.4727,5.2064,-1.4209,3.1282,0.70316,2.3916,-1.5709,0.20561,0.73808,3.1527,-0.44919,0.85763,0.57308,1.093,-1.9253,-0.092723,0.43945,1.702,-0.49273,0.63487,0.43174,0.98838,-1.1581,-0.028062,0.36386,0.68911,-1.4606,-0.39798,0.33591,0.69302,-0.93102,-0.064245,0.35955,0.54568,-1.5178,-0.29508,0.33811,0.97684,-0.78476,0.13732,0.24815,0.66934,-0.66706,-0.058909,0.20972,0.73335,-0.37735,0.18927,0.94399,3.1282,-0.39798,0.35132
111.76,26.932,399.91,80.015,105.24,0.11667,0.32719,0.40346,1.4584,5.4293,-1.7009,2.9375,0.61855,2.6694,-1.0984,0.23312,0.86978,3.7377,-0.76411,1.3316,0.45204,1.3872,-1.0849,0.29864,0.32949,1.4524,-0.23497,0.5322,0.39061,0.64101,-0.98794,-0.21594,0.55871,0.90165,-1.718,-0.23376,0.37909,0.64081,-1.2079,-0.21518,0.35352,0.67279,-1.0836,-0.25762,0.28441,0.9423,-0.40343,0.17976,0.23453,0.59497,-0.69778,-0.082209,0.29201,0.74981,-0.84038,0.13897,0.91955,2.9375,-0.25762,0.38725
247.21,201.54,623.3,76.632,101.45,0.10699,0.27355,0.58997,1.4515,5.5479,-2.1166,3.0351,0.67131,2.7179,-0.93629,0.35637,0.88377,3.2882,-0.75586,1.2386,0.49655,1.4204,-1.0389,0.31501,0.33353,1.4625,-0.26348,0.59245,0.45891,0.98124,-0.9568,0.030545,0.56878,0.86929,-1.7038,-0.43233,0.37077,0.56525,-1.1897,-0.18206,0.26954,0.50459,-0.9297,-0.22326,0.42406,1.0661,-0.75373,-0.052304,0.23953,0.64167,-0.64032,0.028201,0.22483,0.65474,-0.72509,0.13607,0.93722,3.0351,-0.43233,0.40353
224.26,205.06,732.79,81.193,137.84,0.077973,0.33192,0.1875,1.8288,5.2896,-4.4886,2.0718,0.61804,1.5038,-1.4718,0.23287,0.69709,3.4162,-0.81887,0.74638,0.57221,1.723,-1.2922,0.12162,0.34796,1.8683,-0.39725,0.55502,0.42198,0.86453,-0.98344,0.013478,0.45918,1.0182,-1.2921,-0.10536,0.32635,0.78336,-1.189,-0.16227,0.3634,1.2812,-0.55687,0.23933,0.3024,0.91564,-0.88937,-0.026132,0.27316,0.57958,-0.81538,-0.11384,0.21855,0.65839,-0.44109,0.10225,0.61939,2.0718,-0.16227,0.30626
125.04,17.48,152.7,89.092,124.32,0.11541,0.30279,0.51282,1.4231,5.0638,-1.3406,2.4032,0.63675,1.957,-1.8906,0.5743,0.64799,2.9251,-0.33268,0.99902,0.7903,1.4546,-1.9462,0.33393,0.36239,1.8141,-0.26791,0.63279,0.41172,0.72057,-1.073,-0.17015,0.42708,0.75122,-1.2425,-0.23908,0.32287,0.79801,-0.81752,-0.0075473,0.26529,0.6182,-0.81225,0.049248,0.32979,0.64926,-0.87613,-0.050319,0.31509,0.85794,-0.96641,-0.091553,0.27934,0.6843,-0.93916,0.010462,0.74278,2.4032,-0.23908,0.37036
113.63,14.863,146.65,86.818,108.09,0.08088,0.2397,0.53125,1.9838,5.6837,-3.3347,2.1361,0.8498,2.8112,-1.5188,0.29566,0.80987,3.4747,-1.1946,0.74773,0.54256,1.6487,-1.3923,0.070873,0.4249,2.0376,-0.38812,0.66578,0.44863,1.563,-0.8532,0.24709,0.44977,1.3082,-0.93351,0.097654,0.34528,0.75954,-1.2333,-0.1623,0.28248,0.90115,-0.68418,0.084116,0.26754,0.58847,-0.77284,-0.10914,0.28348,0.53091,-0.9672,-0.27747,0.25307,0.72611,-0.78675,0.011945,0.64964,2.1361,-0.27747,0.31734
133.32,15.702,180.45,112.77,128.75,0.090854,0.2457,0.31621,2.0259,4.472,-3.1678,2.1668,0.73244,3.0299,-1.1393,0.87362,0.66154,2.9689,-0.60398,1.0009,0.41951,1.3913,-0.73185,0.46316,0.39355,1.1835,-0.80423,0.17523,0.35248,0.59822,-1.2246,-0.096818,0.53329,1.0919,-1.1668,0.018978,0.3926,0.78268,-1.0196,-0.11344,0.27206,1.0473,-0.27181,0.34393,0.26767,0.70459,-0.56651,-0.0016129,0.2567,0.56463,-0.77979,-0.095965,0.20076,0.32004,-0.68981,-0.12808,0.68114,2.1668,-0.12808,0.3839
131.34,18.807,169.53,93.077,129.47,0.11483,0.32407,0.54795,1.9896,5.0766,-4.0238,1.5965,0.67999,2.5534,-1.1145,0.51486,0.84637,3.4803,-0.83594,1.2653,0.54118,1.6165,-1.2742,0.46887,0.32539,1.2689,-0.69537,0.18414,0.39844,0.68171,-1.1179,-0.28464,0.41092,1.0219,-0.83965,0.13424,0.3315,0.81476,-1.1935,0.021625,0.24397,0.53887,-0.71653,-0.06625,0.29632,1.1913,-0.87541,0.0683,0.28591,0.9525,-0.92846,-0.1033,0.2063,0.57741,-0.57541,-0.0049305,0.57112,1.5965,-0.28464,0.31623
114.7,12.575,139.1,87.945,113.56,0.067746,0.18067,0.98113,1.9151,5.3422,-3.1043,2.7223,0.89252,2.6434,-1.9688,0.37418,0.83333,3.0501,-1.2159,0.6372,0.7529,1.1401,-2.7442,-0.24852,0.40265,1.9227,-0.20015,0.85743,0.42178,1.1649,-0.96147,0.079802,0.38121,0.99244,-0.77121,-0.058175,0.32087,0.68627,-0.91391,-0.035583,0.33897,1.0854,-0.63463,0.077005,0.25907,0.85356,-0.68832,0.049411,0.29328,0.80644,-0.96545,-0.11866,0.24332,0.77652,-0.62259,0.057719,0.80801,2.7223,-0.24852,0.36617
124.95,51.387,362.34,77.832,114.37,0.085456,0.2416,0.46065,1.5572,5.3253,-2.952,2.4771,0.65012,2.7693,-1.9598,0.45876,1.0135,3.6123,-1.0654,1.1713,0.51324,1.3548,-1.2601,0.20325,0.38503,1.5784,-0.36357,0.4428,0.51055,1.0637,-1.6942,-0.044292,0.37259,1.1403,-0.82413,0.11837,0.24839,0.70316,-0.62647,-0.083687,0.24246,0.88757,-0.42668,0.11383,0.24661,0.65637,-0.5926,0.044137,0.20215,0.37611,-0.74462,-0.18123,0.21956,0.57414,-0.65046,0.052366,0.74659,2.4771,-0.18123,0.39773
106.15,10.878,127.2,80.073,108.84,0.091848,0.25758,0.55249,1.6275,5.5589,-3.1635,2.204,0.69329,2.9609,-1.2538,0.45692,0.91633,3.9351,-1.316,1.0275,0.47807,1.5599,-1.4376,0.27808,0.30324,1.2783,-0.098311,0.59259,0.47528,1.1228,-1.1828,0.091961,0.422,1.0701,-1.0427,0.12478,0.26547,0.47104,-0.94095,-0.15688,0.29825,0.93366,-0.53671,0.13749,0.22474,0.6163,-0.77123,0.0077731,0.2539,0.51037,-0.97785,-0.20435,0.24714,0.92382,-0.71853,0.036305,0.66749,2.204,-0.20435,0.38301
152.02,16.486,177.31,92.638,149.78,0.073871,0.26813,0.32787,1.7666,5.6861,-1.7037,2.5137,0.61221,1.6365,-1.129,0.042626,0.812,2.8736,-0.92744,0.63157,0.53123,0.97877,-2.0725,-0.21318,0.46429,1.489,-0.83295,0.48781,0.3911,1.2261,-1.0441,-0.051541,0.36751,0.7759,-1.4495,-0.27679,0.30886,0.50066,-0.89975,-0.19881,0.38235,1.1753,-0.78744,0.12606,0.27452,0.70509,-0.62262,-0.020444,0.26953,0.65868,-0.83594,-0.1065,0.23172,0.62629,-0.46501,0.1049,0.76219,2.5137,-0.27679,0.25328
157.11,47.392,490.34,107.35,148.47,0.064718,0.20985,0.43269,1.7547,5.2643,-2.6366,2.4551,0.81639,2.3118,-1.7198,0.20944,0.92752,3.6141,-0.77484,1.1181,0.58322,1.1564,-2.0533,-0.19825,0.38876,1.5581,-0.89906,0.37604,0.53289,1.787,-0.98871,0.21565,0.45081,1.0316,-1.6705,-0.45339,0.3439,0.9267,-0.87345,0.037819,0.35225,0.66972,-1.1917,-0.11715,0.30356,0.78457,-0.88372,-0.12221,0.21111,0.34235,-0.73448,-0.16084,0.25177,0.80402,-0.54922,0.093454,0.7877,2.4551,-0.45339,0.28782
172.32,43.265,516.97,120.21,165.44,0.12703,0.28575,0.66066,1.8784,5.3396,-3.2542,2.5384,0.81183,2.3918,-1.396,0.14458,0.81257,3.0391,-0.70412,1.0201,0.5392,1.2559,-1.58,-0.24076,0.41943,1.6321,-0.51112,0.37043,0.5033,1.3548,-0.77078,0.2162,0.46728,0.49936,-1.5814,-0.46708,0.35585,0.97157,-1.0785,0.032555,0.27846,0.64401,-0.78319,-0.030479,0.3211,0.75843,-0.97176,-0.0721,0.22993,0.62112,-0.77329,-0.13873,0.26695,0.87346,-0.51264,0.14271,0.79669,2.5384,-0.46708,0.29299
213.58,119.71,607.15,102.84,197.52,0.093416,0.2456,0.64885,1.4851,5.2144,-1.385,2.7254,0.85974,2.4913,-1.8283,0.18775,0.95843,3.2095,-1.122,0.77561,0.68487,1.3684,-2.4993,-0.46428,0.45337,1.8922,-0.68426,0.52697,0.52563,1.6638,-1.1302,0.14459,0.3683,0.78378,-1.3269,-0.50485,0.32148,0.95513,-0.69747,0.03856,0.28928,0.77668,-0.72389,-0.0064319,0.37908,0.93749,-0.76475,0.11388,0.28718,0.66884,-0.81744,-0.034013,0.26793,0.8491,-0.65631,0.14803,0.83993,2.7254,-0.50485,0.30427
169.91,88.952,510.38,101.6,142.55,0.086251,0.21381,0.62663,1.5781,5.4115,-2.9375,2.6679,0.78357,2.9177,-1.3874,0.18096,1.0906,3.7055,-0.95327,1.2492,0.49174,0.94137,-1.5361,-0.19763,0.36061,1.3845,-0.53105,0.43131,0.49553,1.5248,-1.1277,0.13683,0.49472,0.85081,-1.6512,-0.27438,0.34885,1.3968,-0.8971,-0.039367,0.4403,0.68453,-1.3797,-0.19382,0.30635,0.89571,-0.75457,0.0095225,0.24579,0.34689,-0.77232,-0.2633,0.2676,0.78723,-0.68209,0.15745,0.84844,2.6679,-0.27438,0.32205
182.39,29.894,247.05,81.156,175.59,0.10352,0.31183,0.11765,1.5542,4.257,-2.8456,1.7093,0.74976,2.545,-1.0278,0.76749,0.79607,2.3077,-0.95903,0.62799,0.38113,0.91754,-0.74566,0.11802,0.46056,1.4628,-0.42225,0.45772,0.48275,1.0717,-0.86644,-0.03368,0.34199,0.85447,-1.3041,0.0057084,0.27791,0.81875,-0.75797,-0.068072,0.27744,0.77985,-0.59015,0.22583,0.28846,0.73458,-0.67179,-0.13331,0.22742,0.53355,-0.60604,0.012573,0.2751,0.74231,-0.5265,0.077378,0.52455,1.7093,-0.13331,0.31391
187.46,49.089,318.86,139.3,170.12,0.12298,0.32713,0.41322,1.2651,3.8955,-2.3158,1.9808,0.829,2.5663,-1.0433,0.95367,0.98276,2.8124,-1.2642,0.81497,0.68675,1.5511,-1.4312,0.23209,0.42319,1.5852,-0.57656,0.37104,0.41088,0.9404,-1.0944,0.17546,0.28978,0.88931,-0.66647,0.066601,0.37997,0.62559,-1.25,-0.34032,0.27918,0.92448,-0.51315,0.14094,0.22246,0.33446,-0.61234,-0.1319,0.25402,0.56006,-0.5657,-0.069114,0.21241,0.80091,-0.37019,0.10704,0.62897,1.9808,-0.34032,0.35844
205.32,66.573,371.38,147.05,179.72,0.085017,0.23429,0.84592,1.4754,4.6053,-2.577,1.9723,0.86995,3.2024,-1.1465,0.76165,0.91222,2.7235,-1.388,0.69274,0.57192,1.7029,-0.97212,0.12577,0.38859,0.98297,-0.73253,0.17861,0.38382,0.99828,-0.8996,0.074057,0.39279,0.73829,-1.3081,-0.087651,0.33208,0.62503,-0.83476,-0.027866,0.2613,0.89248,-0.4067,0.25804,0.23154,0.49451,-0.74801,-0.18543,0.26377,0.72132,-0.77994,-0.045313,0.23904,0.7618,-0.82448,0.065889,0.59745,1.9723,-0.18543,0.31523
188.84,24.456,235.16,143.26,191.44,0.094774,0.25876,0.27149,1.5287,4.8193,-2.233,1.8726,0.60523,2.652,-1.1741,0.84468,0.7783,2.723,-0.93685,0.82859,0.50032,1.3909,-1.37,0.13613,0.45874,1.6112,-0.51321,0.5762,0.42685,1.3323,-1.0582,0.03915,0.31732,1.2627,-0.45415,0.23888,0.28507,0.73355,-0.86139,-0.051831,0.36228,0.97283,-0.98886,0.080599,0.27537,0.7199,-0.97597,-0.21624,0.2408,0.56701,-0.86035,-0.03902,0.20453,0.54417,-0.5229,0.061986,0.58655,1.8726,-0.21624,0.36431
200.24,54.38,306.33,138.16,185.36,0.1399,0.44726,0.20979,1.5855,3.9799,-3.3773,1.5638,0.60077,3.0184,-1.2936,1.1268,0.83475,2.3951,-1.3428,0.98141,0.4638,2.0254,-0.89055,0.43878,0.40657,1.4381,-0.39703,0.41024,0.40635,1.0712,-0.64642,0.19343,0.36503,0.75526,-1.0054,-0.0092248,0.34644,1.0126,-1.067,-0.13349,0.25732,0.72204,-0.55312,0.17371,0.27451,0.47108,-0.93453,-0.17035,0.25359,0.48117,-0.76596,-0.14056,0.22242,0.86575,-0.32879,0.19419,0.55807,1.5638,-0.17035,0.38573
198.65,50.361,318.1,134.66,180.14,0.089985,0.25305,0.20997,1.7058,4.83,-2.903,1.7929,0.64967,2.5999,-0.64163,0.83213,0.90578,2.8598,-1.2639,1.1336,0.50706,1.2821,-0.95231,0.15933,0.44303,1.3945,-0.7906,0.35263,0.42731,1.2098,-1.0648,-0.038464,0.38686,1.099,-1.0424,0.22788,0.36933,0.69251,-1.2051,-0.17503,0.39289,0.75367,-0.92546,-0.015858,0.28914,0.65114,-0.81638,-0.091919,0.25384,0.54036,-0.70992,-0.15294,0.33663,1.2594,-0.63232,0.26782,0.6026,1.7929,-0.17503,0.35767
178.93,35.394,276.9,132.27,167.03,0.097576,0.29935,0.27149,1.5388,5.071,-2.2483,2.4826,0.81287,3.7127,-1.3275,0.89101,0.96041,3.0505,-2.167,0.52113,0.54561,1.8828,-1.2968,0.047488,0.42917,1.6432,-0.3698,0.58022,0.42548,1.066,-1.1063,0.076373,0.39523,1.1484,-0.88764,0.12683,0.35153,0.85976,-1.5077,-0.1961,0.36657,1.0175,-0.77715,0.17758,0.21381,0.61712,-0.74036,-0.083202,0.24384,0.64578,-0.75706,-0.092922,0.23275,0.69086,-0.50482,0.11665,0.73167,2.4826,-0.1961,0.3873
165.91,37.16,410.79,76.555,154.59,0.11458,0.31282,1.25,1.2469,4.1399,-2.1416,2.4065,0.73396,2.8802,-1.6443,0.79574,0.78785,2.574,-1.3385,0.76901,0.59698,1.7785,-1.5871,0.12428,0.4986,2.0336,-0.27341,0.86213,0.42671,1.1229,-1.2149,-0.11362,0.32139,0.93486,-0.5978,0.20699,0.37991,0.56313,-1.5606,-0.25894,0.38396,1.2555,-0.72749,0.30046,0.32008,0.64463,-1.102,-0.15734,0.2482,0.65119,-0.72517,-0.045179,0.2317,0.86958,-0.41098,0.17223,0.73291,2.4065,-0.25894,0.42186
169.69,22.144,227.28,145.26,160.29,0.10111,0.29108,0.26667,1.3891,4.3497,-2.9843,2.2829,0.61664,1.9921,-1.4828,0.56786,0.78302,2.6086,-0.88645,1.0942,0.39201,1.2802,-0.63707,0.34543,0.4426,1.6751,-0.58327,0.40658,0.46383,1.0761,-1.4081,0.049696,0.2524,0.92771,-0.42997,0.23397,0.35063,0.4791,-1.0967,-0.23708,0.34252,1.0282,-0.75778,0.17999,0.22324,0.45342,-0.80418,-0.23072,0.22849,0.65925,-0.72508,-0.097671,0.23984,0.82603,-0.36712,0.18892,0.6976,2.2829,-0.23708,0.39867
180.16,18.053,218.54,146.93,184.42,0.13809,0.3085,0.47619,1.0538,4.7119,-0.99881,2.5479,0.55046,2.7634,-0.75378,0.95574,0.8018,3.1996,-1.1145,1.2413,0.39157,1.744,-0.62493,0.27606,0.41972,1.5375,-0.42922,0.49812,0.47377,1.1769,-0.91806,0.029487,0.31262,0.92599,-0.58562,0.20916,0.47418,0.7387,-1.4572,-0.33182,0.28673,0.8663,-0.70868,0.12952,0.22747,0.44514,-0.64133,-0.12914,0.23554,0.41879,-0.79428,-0.14501,0.22981,0.76447,-0.29953,0.22908,0.79782,2.5479,-0.33182,0.4592
207.05,112.33,620.68,76.984,174.34,0.063251,0.22909,0.3413,1.2723,4.7895,-1.5534,2.426,0.80793,2.984,-1.0268,0.81747,0.93077,2.2946,-1.8249,0.60485,0.58956,1.5992,-0.97063,0.22642,0.37296,1.2725,-0.4651,0.31587,0.29273,0.72745,-0.91193,-0.010724,0.35003,0.7084,-1.0452,-0.057563,0.43431,1.1473,-0.89105,-0.039956,0.28263,0.76582,-0.65909,0.0096807,0.29217,0.48,-0.92621,-0.24853,0.27718,0.50228,-0.71416,-0.013791,0.23131,0.96504,-0.5274,0.026314,0.7241,2.426,-0.24853,0.33801
325.72,225.2,762.46,124.96,203.26,0.051394,0.21339,0.15564,1.3405,4.5514,-1.8563,2.43,0.88682,3.307,-1.2388,0.80773,0.8585,2.7726,-1.3802,0.51536,0.58321,1.7372,-1.0695,0.29413,0.32344,1.3214,-0.44845,0.39331,0.37519,0.50814,-1.0838,-0.21525,0.26406,0.53809,-0.73783,-0.098334,0.3317,0.61697,-0.99193,-0.096119,0.39736,1.1012,-0.46907,0.21488,0.26192,0.49141,-1.1631,-0.32271,0.25815,0.54676,-0.70086,-0.054536,0.21024,0.74454,-0.29675,0.20773,0.73492,2.43,-0.32271,0.33968
169.5,29.655,219.02,116.5,163.19,0.053056,0.19878,0.60403,1.8893,6.0628,-3.8929,2.5494,0.91527,3.0779,-3.2946,0.75427,0.82553,2.7538,-1.1495,0.59305,0.57374,1.4612,-1.7287,0.080134,0.30965,1.345,-0.66256,0.41538,0.40813,0.8704,-1.3633,-0.2317,0.26849,0.80251,-0.71674,-0.0053046,0.30858,0.60004,-1.2111,-0.17112,0.33614,1.0837,-0.75851,0.049959,0.28002,0.55335,-1.0081,-0.2901,0.24367,0.62096,-0.87193,-0.060631,0.26167,0.62702,-0.66448,0.12139,0.77348,2.5494,-0.2901,0.31706
216.86,37.651,284.96,100.59,218.05,0.091287,0.34654,0.22272,1.6077,4.6869,-3.2986,1.9437,0.72319,3.1294,-0.66625,0.84452,0.645,2.1948,-1.3962,0.73918,0.48779,1.6218,-0.75666,0.30991,0.45734,2.2992,-0.40374,0.55677,0.34666,0.54907,-1.0935,-0.16202,0.2815,0.87877,-0.82264,0.0048559,0.35092,0.75973,-1.0095,-0.030037,0.22777,0.75146,-0.53557,0.086402,0.27664,0.31655,-0.9527,-0.23317,0.19605,0.67009,-0.54682,0.015596,0.19403,0.70821,-0.37488,0.13315,0.60861,1.9437,-0.23317,0.35074
197.42,48.945,258.43,108.53,213.53,0.1159,0.3316,0.31008,1.7771,4.5136,-3.2324,2.104,0.59449,3.0418,-0.64616,0.99803,0.74785,2.8533,-1.4032,0.84812,0.54151,1.8432,-1.335,0.39165,0.45528,1.8147,-0.60624,0.56404,0.37016,0.62243,-1.09,-0.10608,0.30321,0.93434,-0.79494,0.0022188,0.38403,0.7137,-1.0315,-0.09305,0.29892,1.0508,-0.84078,0.15905,0.33139,0.34242,-1.2693,-0.33223,0.18583,0.5764,-0.56356,0.031184,0.20299,0.71801,-0.31721,0.15749,0.6698,2.104,-0.33223,0.3937
200.14,40.053,272.05,131.28,199.86,0.057542,0.21539,0.22727,1.3949,4.5276,-1.9445,2.62,0.66879,3.2274,-0.60639,0.85881,0.74669,2.0976,-1.4702,0.38647,0.49515,1.4248,-1.0692,0.17181,0.39224,1.601,-0.48669,0.5886,0.35245,0.80265,-1.0078,-0.094546,0.31289,0.532,-0.99813,-0.22229,0.29811,0.55511,-0.95907,-0.039681,0.28413,0.8398,-0.68052,0.0744,0.25225,0.49977,-0.83495,-0.15651,0.22227,0.55362,-0.54564,-0.0080456,0.18826,0.8103,-0.29888,0.19769,0.77813,2.62,-0.22229,0.36473
201.82,40.27,287.72,122.69,188.31,0.077673,0.24415,0.54945,1.2703,4.7576,-2.2951,2.5923,0.58579,2.2551,-1.0362,0.59337,0.78523,2.2655,-1.3844,0.64224,0.39842,1.5934,-0.68198,0.2676,0.33509,1.3325,-0.78622,0.21381,0.3653,0.84621,-1.037,-0.015614,0.32409,0.9218,-1.0326,-0.10302,0.35162,0.85214,-0.96018,-0.17705,0.29114,0.87277,-0.59829,0.072888,0.27616,0.50612,-0.92762,-0.16102,0.28826,0.52762,-0.91105,-0.12338,0.25439,1.0406,-0.40756,0.20082,0.7625,2.5923,-0.17705,0.33358
209.88,54.168,310.74,150.35,182.1,0.070498,0.21725,0.34632,1.2111,4.9993,-1.2699,2.5932,0.64965,2.5325,-0.68913,0.61289,0.68126,2.1644,-1.0529,0.64281,0.51487,1.8898,-0.71718,0.41901,0.36206,1.2666,-0.46655,0.32882,0.45106,0.63358,-1.3124,-0.19974,0.33536,0.88545,-0.80172,-0.045635,0.40723,0.82294,-1.3638,-0.18268,0.31474,1.1438,-0.55608,0.14814,0.284,0.27556,-1.0725,-0.37849,0.28805,0.60108,-1.0494,-0.074475,0.20052,0.75829,-0.19132,0.32093,0.77968,2.5932,-0.37849,0.34873
133.84,26.115,170.24,99.835,142.27,0.096392,0.33335,0.15873,1.6239,4.4702,-2.5906,1.9421,0.54094,1.3286,-1.521,-0.056073,0.76535,3.0114,-0.84401,0.67874,0.56583,1.6245,-0.90392,0.17145,0.37615,1.351,-0.59658,0.41566,0.55538,1.2766,-1.2112,0.066178,0.37412,0.72017,-0.8722,-0.09577,0.2907,0.65143,-0.70606,-0.10148,0.33553,1.2789,-0.58491,0.17132,0.30027,1.1402,-0.53704,0.12743,0.30322,0.38243,-0.9666,-0.23938,0.17911,0.76517,-0.37105,0.19832,0.58061,1.9421,-0.23938,0.27321
98.789,18.269,139.01,78.151,93.562,0.1127,0.30278,0.71429,1.3002,3.9157,-2.0056,1.9412,0.58076,1.7013,-1.665,0.17049,1.0517,3.0571,-1.5308,0.9804,0.67718,1.4625,-2.0379,0.21361,0.4819,1.4864,-0.82803,0.62189,0.41832,1.3252,-1.0063,0.25097,0.29919,0.64426,-0.72668,-0.030415,0.2473,0.4833,-0.78334,-0.14482,0.27184,0.62139,-0.61898,0.061978,0.28022,0.56994,-0.60174,-0.0046801,0.28228,0.64399,-0.98247,-0.2174,0.18364,0.62145,-0.45133,0.07443,0.60703,1.9412,-0.2174,0.32647
114.05,16.514,142.23,81.287,110.3,0.051902,0.19584,0.31348,2.0554,5.1761,-2.6058,1.9735,0.75564,2.5816,-1.8266,0.23355,0.86384,3.6959,-0.825,0.98496,0.60412,1.6583,-1.2529,0.099592,0.37282,1.6394,-0.40023,0.4948,0.44788,1.2968,-0.97307,0.19573,0.35333,0.87858,-0.76871,0.0055166,0.31807,0.53972,-1.0864,-0.15876,0.26478,0.60021,-0.89249,-0.05876,0.25192,0.74374,-0.7396,-0.031113,0.25318,0.50902,-0.78488,-0.22887,0.21373,0.85646,-0.53393,0.14047,0.61817,1.9735,-0.22887,0.30421
145.38,28.5,188.5,100.18,146.61,0.085561,0.29241,0.26936,1.6803,4.0663,-2.901,1.6966,0.66718,2.0861,-0.81025,0.33264,0.74017,2.6145,-0.89394,0.89323,0.47276,1.5594,-0.82713,0.4905,0.3906,1.697,-0.30457,0.45951,0.4418,1.1307,-0.91697,0.23384,0.39055,1.1236,-0.82775,0.025201,0.29836,0.74938,-0.65095,-0.064901,0.39423,0.86949,-0.9017,0.11544,0.28774,0.80888,-0.62243,-0.023656,0.25165,0.33019,-0.93185,-0.28162,0.28054,1.0114,-0.41292,0.25752,0.52513,1.6966,-0.28162,0.34453
102.02,26.502,283.07,78.568,98.16,0.14506,0.31874,0.4811,1.7176,4.9049,-3.2301,1.342,0.52504,1.8685,-0.95521,0.39003,0.85369,3.3189,-0.65028,1.5481,0.42436,1.1975,-0.95508,0.3062,0.36135,1.3781,-0.62592,0.59675,0.43752,0.93119,-1.1044,0.16673,0.35157,0.89358,-0.91745,0.026432,0.31627,0.81019,-0.75563,0.036246,0.29531,0.79671,-0.65954,0.072539,0.26101,0.57101,-0.73475,-0.15654,0.20953,0.3488,-0.71004,-0.23851,0.259,1.1531,-0.39228,0.15332,0.55914,1.5481,-0.23851,0.35361
116.51,31.197,177.98,79.615,103.18,0.09553,0.30439,0.21413,1.609,4.6809,-2.8369,2.0012,0.65831,2.1979,-1.2201,0.36653,0.92114,2.6901,-1.3612,0.63768,0.61598,1.2594,-2.0347,-0.14667,0.38929,1.487,-0.31308,0.48999,0.52077,1.6201,-1.2028,0.22587,0.3462,0.82344,-1.4714,-0.060738,0.33177,1.0797,-0.77042,-0.055134,0.25246,0.73617,-0.50448,0.083191,0.29434,0.86052,-0.67163,0.063632,0.25421,0.43483,-1.0783,-0.19363,0.229,0.77548,-0.35808,0.2272,0.5925,2.0012,-0.19363,0.30326
109.38,20.763,165.32,77.453,106.93,0.083882,0.24581,0.5614,1.5928,4.8106,-2.5142,2.304,0.75324,2.7012,-0.99478,0.34119,0.85893,2.6737,-1.4339,0.59154,0.63388,1.7185,-1.5526,-0.10748,0.43126,1.9895,-0.37465,0.64425,0.40824,1.2094,-0.80204,0.26616,0.28819,0.8187,-0.76648,0.01464,0.33069,0.71056,-1.0337,-0.1748,0.28398,0.77401,-1.0044,0.085262,0.31903,0.77932,-0.67437,0.052144,0.30052,0.57614,-0.91359,-0.15295,0.25217,1.0067,-0.43805,0.18945,0.67442,2.304,-0.1748,0.33779
110.15,31.941,199.12,78.765,98.984,0.060153,0.18929,0.21882,1.4924,4.0993,-2.8242,2.045,0.60837,1.9667,-1.5311,0.10193,0.79215,2.8821,-0.95714,1.0534,0.4892,1.4314,-1.2214,0.28575,0.39296,1.5248,-0.39749,0.45621,0.39257,1.0768,-0.8496,0.28464,0.37976,0.75799,-0.96792,-0.019707,0.29933,0.59934,-0.79498,-0.1379,0.3104,0.9885,-0.81545,0.097549,0.21357,0.6592,-0.60473,0.025761,0.25126,0.46334,-0.9126,-0.24476,0.24315,0.87189,-0.36689,0.2157,0.62989,2.045,-0.24476,0.34697
112.08,36.009,420.76,77.932,96.739,0.10907,0.26214,0.42216,1.5048,4.5171,-2.6013,2.1141,0.65196,2.7019,-0.9464,0.44818,0.91676,3.5836,-1.0277,1.1667,0.50197,1.702,-0.93841,0.28109,0.4164,1.53,-0.51652,0.50491,0.31109,1.2728,-0.49289,0.26651,0.37861,0.83279,-0.75947,0.0065138,0.28786,0.98312,-0.7494,-0.10681,0.33988,0.82035,-0.88575,0.018334,0.24805,0.57601,-0.58445,0.012251,0.24895,0.5082,-0.8984,-0.19814,0.20395,0.98384,-0.27392,0.22543,0.65135,2.1141,-0.19814,0.39492
262.83,29.875,311.42,202.46,264.83,0.046413,0.20765,0.35714,1.5006,3.2403,-3.5188,1.0747,0.8337,2.2181,-1.6706,0.24701,0.88533,3.7002,-0.74647,1.226,0.55941,1.1119,-1.3813,-0.081038,0.50036,1.5838,-0.65596,0.3225,0.49886,0.57761,-1.7583,-0.66845,0.35152,0.98596,-0.57756,0.1376,0.4515,0.71559,-1.379,-0.087478,0.37565,1.2204,-0.80614,0.33515,0.26578,0.42629,-0.97946,-0.24316,0.26565,0.8553,-0.64151,0.062805,0.35398,0.85513,-0.79398,0.14943,0.52139,1.226,-0.66845,0.20626
259.66,43.482,329.11,156.86,259.98,0.069704,0.24653,0.28674,1.1484,2.9362,-2.5482,0.8566,0.82212,2.0527,-1.4813,0.42647,0.88041,2.8534,-0.95781,0.89716,0.54278,1.2668,-1.0509,0.13782,0.42437,1.7574,-0.76871,0.28966,0.52042,0.9311,-1.2971,-0.14848,0.35914,0.99087,-0.91777,0.063384,0.43846,1.2467,-1.1008,0.065106,0.2504,0.89857,-0.29718,0.23579,0.25536,0.5589,-0.64765,-0.081542,0.26367,0.83344,-0.61192,0.080528,0.22708,0.66588,-0.41416,0.14871,0.33151,0.89716,-0.14848,0.2476
197.04,41.132,293.65,149.47,185.68,0.062575,0.24894,0.22305,1.4958,3.9397,-3.0511,1.7913,1.0256,2.1658,-1.9906,0.049958,0.84008,3.2025,-0.79281,1.0292,0.48974,1.7097,-0.78051,0.38312,0.32915,1.513,-0.42948,0.57541,0.55317,0.82925,-1.7718,-0.42963,0.37833,0.63812,-0.92201,-0.12032,0.29256,1.1404,-0.64329,0.1643,0.39624,0.98145,-0.7616,0.19392,0.24867,0.53386,-0.84334,-0.12417,0.30576,1.0167,-0.56812,0.077379,0.34291,1.023,-0.62478,0.090851,0.59639,1.7913,-0.42963,0.30678
196.93,24.495,227.75,153.4,197.76,0.065731,0.25747,0.33473,1.2275,3.6755,-2.6174,1.6068,0.90676,2.1725,-1.4629,0.081617,0.82688,3.1646,-0.59254,1.072,0.51544,0.96591,-1.2583,-0.080321,0.34357,1.4461,-0.49312,0.62112,0.43589,0.94157,-1.1875,-0.15166,0.30937,0.99551,-0.79282,-0.029325,0.33326,0.98607,-0.59505,0.18643,0.37841,1.2599,-0.5558,0.3854,0.30511,0.65075,-1.0234,-0.2662,0.2536,0.72457,-0.62782,0.11174,0.31886,0.95538,-0.61161,0.1149,0.54953,1.6068,-0.2662,0.30437
244.11,23.65,302.2,195.45,240.76,0.042716,0.17683,0.38217,1.568,4.8846,-3.2207,1.4738,0.75247,2.4989,-2.0744,0.68093,0.82834,3.2473,-1.2063,0.9953,0.55208,1.4196,-1.9658,0.061476,0.38628,1.6439,-0.42185,0.48414,0.41583,0.82703,-1.3959,-0.22716,0.34549,1.0708,-0.92146,-0.080716,0.31123,0.86347,-1.0105,-0.033932,0.33759,1.2879,-0.74583,0.18345,0.26299,0.49419,-0.86168,-0.17218,0.21663,0.87747,-0.57237,0.089318,0.32436,0.9146,-1.215,0.16112,0.51625,1.4738,-0.22716,0.30129
209.34,25.923,287.26,163.3,203.75,0.18801,0.40945,0.23346,1.7007,3.5278,-3.6412,1.1052,0.71681,2.1671,-0.8993,0.56767,0.63906,3.1252,-0.69306,1.2859,0.4264,1.1873,-0.96421,0.32438,0.45124,1.6355,-0.44968,0.57931,0.46123,0.79086,-1.294,-0.1169,0.48495,1.4279,-0.98745,-0.090909,0.29041,0.78097,-0.58275,0.095571,0.31515,1.2834,-0.6274,0.28611,0.24762,0.47528,-0.87493,-0.20839,0.23059,0.50835,-0.67526,0.025368,0.29865,1.097,-0.34308,0.34817,0.47148,1.2859,-0.20839,0.35012
204.27,28.454,250.82,159.45,197.58,0.061662,0.25129,0.26059,1.6701,3.4379,-4.1698,1.091,0.61725,2.1223,-0.58991,0.60312,0.75433,3.7338,-0.34796,1.1768,0.49961,1.2042,-1.1679,0.23703,0.50172,1.2797,-1.0445,0.34567,0.34615,0.69629,-1.2657,-0.2211,0.47251,1.2363,-0.9324,-0.039983,0.47163,1.3041,-0.90067,0.15076,0.38363,1.2318,-0.68021,0.22579,0.2806,0.5099,-0.8685,-0.19139,0.25969,0.72909,-0.53363,0.055169,0.24686,0.89633,-0.20168,0.28229,0.44801,1.1768,-0.2211,0.30959
193.58,42.988,275.33,140.59,192.35,0.094144,0.3062,0.21053,1.4909,3.5367,-3.9439,1.122,0.64055,2.3352,-1.607,0.52853,0.7748,3.2598,-0.68471,1.3221,0.3887,1.4121,-0.7552,0.32996,0.41457,1.6207,-0.4308,0.52829,0.3713,0.64504,-1.3658,-0.11914,0.42054,1.5251,-0.96324,0.1976,0.30525,0.85573,-0.67145,0.085758,0.4352,1.2768,-0.87388,0.021631,0.30151,0.63457,-1.142,-0.18356,0.21958,0.67302,-0.67113,-0.082136,0.30919,0.86949,-0.76004,0.20951,0.47791,1.3221,-0.18356,0.33004
197.7,20.844,255.51,175.44,186.11,0.10979,0.27242,0.34247,1.3808,3.2399,-3.5752,1.0428,0.61579,2.438,-0.50808,0.67426,0.87441,3.3367,-0.57162,1.4388,0.42472,1.4492,-0.68982,0.44463,0.29839,1.1653,-0.49332,0.36972,0.44852,0.5403,-1.4692,-0.36396,0.36326,1.2531,-0.68376,0.26739,0.3915,1.1503,-1.0531,0.036537,0.39134,1.0788,-0.84228,0.10713,0.27141,0.63581,-1.1837,-0.17684,0.22473,0.64775,-0.75882,0.013489,0.33463,1.1617,-0.45879,0.26582,0.5091,1.4388,-0.36396,0.34331
208.54,38.574,292.5,152.05,222.15,0.082324,0.26643,0.22075,1.3793,4.6941,-2.2918,2.0329,0.90907,2.6481,-1.668,0.22027,0.97225,3.6751,-1.3502,0.94257,0.60769,1.5547,-1.2511,0.046549,0.38359,1.6083,-0.50033,0.45007,0.39527,0.80739,-1.368,-0.37372,0.33492,0.92717,-1.1255,-0.13653,0.40891,0.80546,-1.3865,0.057114,0.40782,1.2932,-0.61146,0.26048,0.29934,0.66968,-0.88376,-0.077083,0.27334,0.89473,-0.59135,0.097988,0.26726,0.92556,-0.6091,0.26285,0.63213,2.0329,-0.37372,0.31529
228.73,27.602,290.8,164.69,225.36,0.10211,0.27966,0.51402,1.4105,4.0494,-2.6821,1.7762,0.82428,2.4596,-1.1945,0.40829,0.83694,3.1567,-0.89597,1.013,0.62095,1.1212,-1.6295,-0.020988,0.373,1.8378,-0.36208,0.71747,0.45236,0.56751,-1.6736,-0.39262,0.32759,0.94193,-0.70735,-0.0029178,0.32285,0.95029,-0.80717,0.12706,0.38029,1.4045,-0.52763,0.36867,0.23414,0.63846,-0.78953,-0.04118,0.26139,1.0168,-0.54345,0.10422,0.2466,0.73478,-0.55993,0.14236,0.58251,1.7762,-0.39262,0.34997
245.26,44.406,307.76,149.68,263.8,0.11221,0.28597,0.35955,1.4155,3.8114,-2.9074,1.4893,0.72202,2.198,-2.0983,0.44211,0.78832,3.0227,-0.75277,1.1048,0.43786,1.304,-0.89876,-0.014821,0.41077,1.5639,-0.43919,0.55422,0.41636,0.93925,-1.2304,-0.14362,0.4204,1.3627,-0.85693,0.19604,0.40143,0.80565,-1.3904,-0.13827,0.3435,0.96316,-0.89184,0.096059,0.29893,0.73772,-0.92835,-0.044793,0.27273,0.68634,-0.67951,0.002713,0.26393,0.83166,-0.51211,0.19263,0.51387,1.4893,-0.14362,0.31137
255.85,57.456,356.47,152.06,241.72,0.052273,0.27922,0.14493,1.2367,3.3785,-2.5987,1.3652,0.77614,2.3033,-1.402,0.48857,0.79861,3.3811,-0.63774,1.2504,0.55212,2.3848,-1.6012,-0.14203,0.39959,1.228,-0.78164,0.089909,0.42848,0.51579,-1.7422,-0.39442,0.3362,1.1229,-0.68187,0.19538,0.36752,1.0826,-0.64808,0.12688,0.33817,1.0125,-0.66401,0.17683,0.27447,0.57306,-1.1793,-0.090536,0.2431,0.48408,-0.81517,-0.028181,0.23521,0.76676,-0.37388,0.17687,0.53209,1.3652,-0.39442,0.26791
209.65,43.155,304.32,154.84,193.13,0.062901,0.25212,0.25105,1.1355,3.5633,-2.4799,1.4248,0.81063,2.3101,-1.2523,0.55682,0.82806,3.5611,-0.28078,1.2961,0.48778,1.1991,-1.0453,0.06971,0.42475,1.5197,-0.64339,0.26586,0.42973,0.73718,-1.714,-0.1615,0.34437,0.91747,-0.73792,0.13373,0.3461,1.0641,-1.1332,-0.04553,0.33914,1.194,-0.5475,0.20003,0.21829,0.34023,-0.97744,-0.18475,0.21938,0.61477,-0.52711,0.020975,0.24595,0.96328,-0.53745,0.14918,0.52929,1.4248,-0.18475,0.31045
