288.66,184.02,733.46,99.99,213.62,0.046119,0.19564,0.68966,1.7011,4.9122,-3.0521,1.8674,0.86722,2.6822,-1.8621,0.27299,0.77603,2.5288,-1.1005,0.65672,0.50486,1.6298,-1.1453,0.31525,0.50004,1.2753,-1.3231,0.13387,0.51307,1.1998,-1.0682,-0.1141,0.46469,1.2925,-0.96376,-0.025168,0.27116,0.68264,-0.89756,0.023884,0.36333,1.0665,-0.63649,0.073535,0.26756,0.51087,-0.80057,-0.070266,0.2841,0.71295,-0.85937,-0.016369,0.22373,0.60432,-0.55053,0.046984,0.54796,1.8674,-0.1141,0.26373
283.01,90.164,611.47,182.55,280.65,0.060645,0.2266,0.45016,1.1644,3.6558,-1.5,1.5713,0.64782,1.7292,-1.3974,0.25637,0.95861,2.4445,-1.8038,0.52747,0.61783,1.5812,-1.5365,0.34029,0.50176,1.5672,-1.0359,0.28253,0.49348,1.3258,-1.2086,0.11052,0.53283,1.1158,-1.5224,0.03066,0.30674,0.74105,-0.83767,-0.053396,0.33923,1.067,-0.56872,0.029469,0.24913,0.78054,-0.45504,0.081286,0.24588,0.54255,-0.89713,-0.080743,0.25076,0.7343,-0.55994,0.040918,0.44927,1.5713,-0.080743,0.26139
354.25,170.2,736.43,117.36,286.66,0.039281,0.27415,0.28846,1.5053,4.5305,-1.7448,1.9526,0.98884,1.8624,-2.1769,-0.084806,1.0743,2.8638,-1.7892,0.47187,0.61273,1.7242,-1.1932,0.16407,0.46786,1.4172,-0.8788,0.18416,0.42237,0.83762,-1.4607,-0.11314,0.36447,1.0586,-0.84379,0.034025,0.30411,1.0081,-0.81973,-0.038636,0.35435,1.0996,-0.55909,0.15637,0.38662,0.98358,-1.0118,0.034325,0.26481,0.8075,-0.52237,0.055311,0.27773,0.86947,-0.58154,0.064565,0.56086,1.9526,-0.11314,0.24006
233.87,68.572,557.49,140.63,221.62,0.065729,0.23032,0.40404,1.858,4.5255,-3.4352,1.5406,0.82122,2.828,-1.8502,0.41485,0.8679,2.9685,-1.371,0.73101,0.6047,1.971,-1.2974,0.27563,0.48387,1.5779,-0.8529,0.17229,0.44927,1.2515,-0.96967,0.079148,0.44978,1.0441,-1.6784,-0.014279,0.26474,0.74308,-0.92122,-0.066635,0.3168,1.1108,-0.66416,0.17133,0.33106,0.73131,-1.0994,-0.11943,0.20395,0.66004,-0.56923,-0.014391,0.27301,0.92448,-0.59117,0.066224,0.46436,1.5406,-0.11943,0.2697
237.35,30.219,296.62,189.87,237.33,0.091654,0.23496,0.45902,1.6,4.5422,-3.0942,1.4366,0.78553,2.1242,-1.6207,0.50988,0.81813,2.6498,-0.99177,0.64289,0.45623,1.6906,-0.72492,0.35255,0.50381,1.2972,-0.89316,0.34399,0.471,1.6197,-0.71211,0.23718,0.44424,1.1448,-1.1931,0.028177,0.30518,0.62588,-0.95757,-0.058203,0.33147,1.123,-0.76098,0.098875,0.27776,0.85212,-0.5495,-0.0043701,0.26858,0.45599,-0.87141,-0.16575,0.3367,1.088,-0.66579,0.13771,0.43071,1.4366,-0.16575,0.29663
267.51,48.461,403.23,202.62,257.95,0.087155,0.21471,0.4058,1.5525,4.566,-2.8231,1.2895,0.71922,2.424,-1.4401,0.47528,0.78618,2.8779,-0.7899,0.76716,0.46279,1.4665,-0.68903,0.38609,0.52949,1.5425,-1.1484,0.17139,0.37426,1.2783,-0.73999,0.23973,0.4468,1.1193,-0.99299,0.069659,0.34012,0.95128,-0.76706,-0.096291,0.33974,1.2762,-0.66285,0.086172,0.32199,0.82807,-0.77006,-0.053098,0.28876,0.67426,-0.78386,-0.061918,0.33492,1.0798,-0.73913,0.1566,0.40286,1.2895,-0.096291,0.28585
216.25,44.128,414.63,147.17,212.26,0.099803,0.30271,0.30769,1.6778,4.8233,-3.3423,1.464,0.55098,1.8557,-0.9028,0.46417,0.91856,2.6902,-1.048,1.04,0.60568,1.57,-1.7513,0.34854,0.35642,1.0797,-0.5692,0.10835,0.39045,1.2117,-0.73124,0.084215,0.53342,1.2571,-1.1978,0.081306,0.30839,0.75932,-0.83919,-0.13328,0.30601,0.76871,-0.89873,0.059036,0.30887,0.59702,-0.94255,-0.1554,0.26334,0.62422,-0.66622,0.0095485,0.24283,0.63412,-0.61486,0.0801,0.49054,1.464,-0.1554,0.28755
258.46,66.6,624.82,158.14,260.47,0.099573,0.36247,0.40346,1.678,4.7669,-3.3606,1.5247,0.82911,2.4448,-1.7475,0.27787,0.67125,2.2904,-1.1258,0.52644,0.54784,1.9318,-1.4307,0.15606,0.34782,1.0501,-0.90651,0.16687,0.41851,1.2805,-1.1273,0.040428,0.30567,0.80569,-0.78833,0.049345,0.28121,0.92229,-1.1875,-0.01484,0.28137,0.78281,-1.0114,0.0391,0.28141,0.94663,-0.61353,0.0982,0.25575,0.73301,-0.76323,0.0078582,0.28744,0.91795,-0.68709,0.22499,0.42619,1.5247,-0.01484,0.25808
234.44,30.561,298.46,181.02,237.05,0.079193,0.3024,0.28986,1.2987,4.7633,-0.97734,2.1943,0.81776,2.235,-1.4815,0.38729,1.0239,3.2181,-1.351,1.0197,0.65997,1.6822,-1.2788,0.25842,0.52324,1.5695,-0.94423,0.23761,0.38747,1.0097,-0.63276,0.19296,0.29558,0.6749,-0.66428,0.04772,0.32633,0.71692,-0.78551,0.0062418,0.31321,0.91404,-0.64704,0.045747,0.24922,0.63404,-0.71038,0.080395,0.28012,0.56909,-0.72963,-0.04767,0.24035,1.0261,-0.23558,0.23535,0.6343,2.1943,-0.04767,0.38817
269.78,151.55,856.66,160.45,225.17,0.060845,0.22456,0.3,1.2114,4.3836,-0.77769,2.2772,1.1803,2.5557,-2.7591,0.18656,0.93166,2.3501,-1.3048,0.66925,0.66575,2.218,-1.1126,0.44962,0.47219,1.3261,-1.1156,0.15581,0.49413,1.4307,-0.98897,0.17152,0.33372,0.94275,-0.75738,0.090435,0.24934,0.65148,-0.71542,0.076467,0.36255,0.75116,-0.85738,0.13639,0.23561,0.50132,-0.71841,-0.036564,0.2894,0.6954,-0.73777,-0.021162,0.25011,1.0001,-0.16781,0.37329,0.63164,2.2772,-0.036564,0.3774
292.47,42.582,413.66,190.11,290.75,0.086505,0.26273,0.33654,1.8519,5.3349,-3.7481,1.9318,0.83463,2.0002,-2.1517,0.15639,0.84957,2.9094,-1.1127,0.79417,0.55927,1.3587,-1.3776,0.14479,0.38675,1.2723,-0.66027,0.2412,0.46945,1.1734,-1.0488,-0.03523,0.47243,1.0937,-1.3937,-0.10796,0.32541,0.97022,-0.94301,0.04896,0.30014,0.69468,-0.78639,0.023657,0.30282,0.57872,-1.0646,-0.0708,0.29683,0.6726,-1.279,-0.041354,0.30533,0.96708,-1.0914,0.22784,0.57412,1.9318,-0.10796,0.27612
310.85,90.821,483.14,177.93,295.34,0.088377,0.31063,0.28037,1.8004,4.6703,-4.1703,1.9868,0.89905,2.0149,-1.6162,0.32177,0.63248,2.5396,-0.5834,0.78669,0.56422,1.7228,-1.1359,0.29761,0.45291,1.193,-1.0212,0.12198,0.36201,0.8562,-0.82156,0.032294,0.39626,0.63554,-1.3058,-0.29108,0.34593,0.8049,-0.90624,0.12665,0.38134,0.73559,-1.1596,0.0017144,0.36549,0.53039,-1.6264,-0.20495,0.4144,0.57005,-1.4195,-0.092828,0.43325,0.83179,-1.1585,0.13573,0.60893,1.9868,-0.29108,0.26853
239.67,34.651,328.69,161.49,236.77,0.10563,0.28523,0.63037,1.7997,4.1917,-3.9657,1.5358,0.69777,2.2473,-1.2955,0.5255,0.89676,3.0301,-0.90753,1.188,0.54862,1.6981,-1.2363,0.49865,0.37994,1.6074,-0.98991,0.083635,0.47994,1.1487,-1.1471,0.047326,0.38021,0.92862,-1.3397,0.053015,0.37055,0.69739,-0.88388,-0.086834,0.2915,0.93743,-0.67379,0.040347,0.2847,0.63006,-0.96251,-0.086567,0.25706,0.68417,-0.66977,0.070971,0.26678,0.99321,-0.46983,0.30132,0.51956,1.5358,-0.086834,0.34759
330.97,59.183,458.94,197.29,325.06,0.090335,0.28951,0.45627,2.0646,4.8435,-4.2273,1.3136,0.78196,1.9484,-1.8337,0.31421,0.87851,3.0254,-0.9193,1.1235,0.55785,1.9261,-0.99237,0.17471,0.37296,1.0451,-1.0592,0.0066487,0.37906,0.88563,-0.96734,-0.12617,0.40599,0.84261,-1.3273,-0.1069,0.46577,0.84287,-1.1969,-0.12895,0.34838,0.81295,-0.87966,-0.04902,0.3582,0.62642,-1.5579,-0.20732,0.35502,0.61606,-1.2151,-0.095187,0.37382,0.96738,-1.0001,0.16603,0.50172,1.3136,-0.20732,0.19876
385.61,60.513,515.38,224.9,398,0.06564,0.27365,0.44199,1.5404,5.4641,-1.5163,2.1063,0.88344,2.2775,-2.4275,-0.045876,0.82709,2.197,-1.1636,0.40358,0.55931,1.7111,-1.6109,-0.066526,0.43319,1.7006,-0.9897,0.13636,0.44999,1.5386,-1.0326,0.017781,0.38076,0.81946,-1.435,-0.22821,0.34555,0.71318,-1.1619,-0.090936,0.43445,0.88428,-1.1326,-0.18505,0.43772,0.81459,-1.8662,-0.27826,0.50451,0.7146,-1.8333,-0.25817,0.53655,0.9318,-1.5217,-0.057354,0.653,2.1063,-0.27826,0.12113
268.24,63.646,479.87,196.99,246.6,0.04904,0.17218,0.59925,1.4146,5.0553,-2.047,2.1782,1.0258,3.0725,-2.5593,0.081251,0.79729,2.945,-1.0492,0.5989,0.68143,1.6305,-1.783,0.13827,0.51384,1.9151,-0.90866,0.24312,0.39023,1.1108,-0.9967,0.10135,0.404,0.9752,-1.0609,-0.10235,0.33191,0.95943,-0.93591,0.055884,0.3117,0.85287,-0.73254,0.036872,0.32528,0.77692,-0.99817,-0.048574,0.35504,1.1339,-1.3639,-0.036147,0.33991,1.2751,-0.87261,0.20826,0.62273,2.1782,-0.10235,0.28792
298.09,63.112,419.02,167.54,287.69,0.063115,0.19572,0.38043,1.2851,5.0857,-1.7931,1.9502,0.94433,2.2703,-1.6949,0.19963,0.80974,2.9823,-1.0052,0.91645,0.54174,1.6363,-1.0076,0.23349,0.42773,1.1191,-1.0284,0.12059,0.533,1.3253,-1.5081,-0.0061377,0.34369,0.80101,-1.1014,-0.081934,0.41243,0.96136,-0.95936,-0.052,0.39345,0.70236,-1.1854,-0.037121,0.29153,0.93435,-0.62814,0.062964,0.35864,0.63846,-1.3041,-0.1883,0.4252,1.2392,-1.3128,0.24821,0.59694,1.9502,-0.1883,0.2805
349.84,141.51,664.31,158.17,305.76,0.088935,0.27173,0.40712,1.1733,4.4654,-1.0159,1.8861,1.0145,2.442,-3.0353,0.28646,0.83484,2.7361,-1.2823,0.97015,0.62274,1.4097,-1.8386,0.13976,0.51868,1.6684,-1.0946,0.044412,0.62301,1.3439,-1.5606,0.030211,0.4763,0.91155,-1.94,-0.0075822,0.41167,0.88047,-1.3679,-0.16771,0.35602,0.64414,-1.6426,-0.028282,0.45256,1.7987,-1.4864,-0.024969,0.45627,1.5452,-1.8792,-0.10536,0.39829,1.3813,-0.79839,0.26896,0.58874,1.8861,-0.16771,0.27434
407.61,115.32,817.44,231.94,392.15,0.046587,0.2184,0.28777,1.3966,3.8859,-3.6097,0.51181,1.2631,1.7013,-3.5201,-0.84168,0.69255,2.5772,-0.78751,0.63913,0.72254,1.4206,-2.172,-0.38583,0.57017,1.5887,-1.2411,0.06044,0.35898,0.70971,-1.4404,-0.44634,0.45766,1.0949,-1.0468,0.11755,0.40487,0.70009,-1.2458,-0.25615,0.4134,0.97195,-1.1128,-0.065271,0.41668,0.68456,-1.4976,-0.18182,0.42046,0.84641,-1.5076,-0.10559,0.64177,0.87963,-1.7947,-0.35509,0.40919,0.63913,-0.84168,-0.10907
370.19,49.911,848.54,278.55,375.68,0.036837,0.17644,0.25862,1.3321,3.8646,-1.9668,1.3389,1.458,1.862,-3.7477,-0.56695,0.66838,2.2972,-0.69111,0.51415,0.5755,1.0692,-1.3996,-0.071398,0.49257,1.6222,-0.87678,0.43704,0.52806,0.93851,-1.3587,-0.19686,0.40494,1.1305,-0.67054,0.15331,0.35062,0.91233,-0.91714,-0.15036,0.33256,0.82926,-0.77364,0.031621,0.33403,0.62546,-1.234,-0.15584,0.35671,0.9418,-1.0483,0.09818,0.53235,0.50805,-1.7814,-0.34159,0.49653,1.3389,-0.56695,0.09085
401.68,66.06,625.66,290.16,388.78,0.042504,0.21463,0.4023,1.0983,4.3012,-1.6162,1.1503,1.2353,2.0276,-3.7684,-0.55472,0.7626,2.4424,-1.1421,0.46497,0.69715,1.2847,-1.955,-0.20972,0.49243,1.7692,-1.1508,0.43106,0.5068,0.73838,-1.7559,-0.42308,0.40086,0.93766,-1.2051,-0.080008,0.47928,0.75914,-1.7574,-0.12325,0.35265,0.71704,-1.3708,-0.18842,0.46513,0.65036,-1.8536,-0.17529,0.43992,1.5223,-1.2769,-0.043941,0.58476,1.4816,-1.8389,-0.30498,0.47081,1.1503,-0.55472,-0.0047602
318.17,49.925,421.32,244.64,300.66,0.073076,0.24983,0.3096,1.1138,4.0897,-1.2753,1.6183,1.1233,2.2565,-3.2415,-0.28312,0.79244,3.0022,-1.0809,0.62973,0.69419,1.7343,-1.7031,0.17675,0.41283,1.7404,-0.73745,0.40383,0.44006,0.92473,-1.4944,-0.30673,0.36126,1.1942,-0.83347,0.1196,0.39395,0.78278,-1.6152,-0.075521,0.31757,0.78272,-0.85044,-0.014696,0.26496,0.71294,-0.87044,0.081233,0.31934,0.79199,-1.0485,0.098248,0.40553,0.72329,-1.7832,-0.059393,0.51776,1.6183,-0.30673,0.19902
270.65,62.314,528.16,197.29,253.57,0.060147,0.22814,0.59524,1.3818,4.0094,-1.5972,1.6827,0.78459,1.8796,-1.9042,0.025452,0.85626,3.1375,-0.56491,0.80704,0.74858,1.8733,-1.5786,0.43835,0.49982,1.8309,-0.85268,0.28613,0.38265,1.1919,-0.76073,0.037094,0.49343,0.44671,-1.778,-0.33256,0.28918,0.7839,-0.65415,0.12871,0.3404,0.69541,-1.0778,-0.13698,0.28055,0.85412,-0.6658,-0.024339,0.25773,0.64905,-0.71695,0.069023,0.27663,1.227,-0.5072,0.17043,0.53186,1.6827,-0.33256,0.26258
219.88,30.679,454.57,124.66,218.31,0.071655,0.25136,0.4386,1.3424,4.8239,-1.2185,2.2492,0.96051,2.2908,-1.8088,-0.065957,0.82325,2.4954,-1.0485,0.75799,0.82232,2.1876,-1.4115,0.57463,0.36074,1.1585,-0.47776,0.33843,0.44351,1.118,-1.2837,0.088425,0.49585,0.67838,-1.5928,-0.46725,0.36898,0.9895,-0.69826,0.12739,0.30139,0.68809,-0.838,-0.097539,0.29944,0.71405,-0.96505,-0.12994,0.22555,0.82769,-0.41892,0.075704,0.22633,0.9879,-0.3022,0.22595,0.69291,2.2492,-0.46725,0.30642
203.87,64.732,363.44,101.28,210.2,0.081742,0.27035,0.47198,1.5997,4.4342,-2.0428,1.9437,0.65356,2.0026,-1.7418,0.030902,0.8373,3.1676,-0.82853,1.1197,0.53754,1.686,-0.64021,0.65131,0.41144,1.2118,-1.1277,0.28508,0.41371,1.2127,-0.96737,0.21133,0.51826,0.9869,-2.0545,-0.39406,0.35917,0.98956,-1.1598,0.065295,0.32301,0.6784,-1.2268,-0.11646,0.26166,0.39177,-0.93846,-0.19536,0.277,0.70501,-0.70436,-0.063784,0.25246,0.71276,-0.789,0.024239,0.65653,1.9437,-0.39406,0.29682
252.41,101.55,571.7,111.26,219.32,0.077596,0.23978,0.43321,1.4832,4.7942,-2.0895,2.3588,0.73003,2.0186,-1.9338,-0.13895,0.85792,2.9175,-0.61978,0.84351,0.54567,1.8858,-1.0591,0.42126,0.41135,1.4444,-0.67719,0.32132,0.45372,2.0921,-0.56056,0.49724,0.57207,0.86304,-1.9951,-0.47403,0.31251,0.71688,-0.95632,-0.11455,0.40218,1.0956,-0.75385,0.08678,0.32181,0.5115,-0.86272,-0.17708,0.27374,0.8917,-0.76367,-0.063912,0.25032,0.48826,-0.63856,-0.051467,0.74346,2.3588,-0.47403,0.29241
354.52,182.86,751.7,173.57,264.2,0.054596,0.20982,0.5042,1.5669,4.6734,-2.3563,1.9566,0.79713,2.0614,-1.6542,-0.028933,0.87624,2.6226,-1.928,0.53524,0.60492,1.3692,-1.9954,0.2012,0.53597,1.1823,-1.6129,0.12183,0.43517,1.4037,-0.67325,0.27406,0.47092,0.88843,-1.1586,-0.015788,0.29378,0.75261,-0.98808,0.038439,0.26739,0.83787,-0.57442,0.1688,0.32003,1.0356,-0.72425,0.016609,0.23589,0.57203,-0.60286,-0.036959,0.31902,0.69508,-0.88057,-0.089766,0.56114,1.9566,-0.089766,0.26178
412.92,225.6,765.31,193.44,271.65,0.039906,0.26215,0.66667,1.3022,5.0561,-2.1289,2.3187,1.0277,2.4042,-2.9599,-0.33893,0.89446,2.6459,-1.1579,0.69756,0.71823,1.6139,-1.6043,0.2122,0.37406,1.0804,-0.71898,0.085128,0.45596,1.1515,-0.88411,0.05028,0.40016,0.77143,-1.0774,-0.090163,0.25664,0.57714,-0.77039,0.0057854,0.33791,0.90913,-0.80191,0.096739,0.30875,0.82007,-0.73438,0.023725,0.26841,0.76053,-0.652,-0.0046595,0.29168,0.72743,-0.78214,-0.079806,0.69536,2.3187,-0.33893,0.24805
247.38,98.925,624.96,119.83,215.74,0.050771,0.22409,0.2864,2.1928,5.289,-4.0979,1.8029,0.83,2.0913,-2.3647,0.16503,0.81935,2.7715,-1.3574,0.6883,0.61176,1.527,-1.9067,0.046772,0.43202,0.90991,-1.6966,-0.0020832,0.43363,1.3049,-1.1747,0.15145,0.46487,1.2398,-1.2937,0.0084296,0.31378,1.0841,-0.76233,0.096675,0.34916,0.8588,-1.1119,0.1043,0.30514,0.6586,-0.92747,-0.079258,0.29653,0.85395,-0.87966,-0.09435,0.28532,1.1457,-1.0217,-0.007825,0.53264,1.8029,-0.09435,0.24003
294.53,112.48,703.99,142.08,259.43,0.054901,0.20556,0.39526,1.9543,5.1092,-4.1925,1.9097,0.90734,2.0632,-2.0858,0.0068621,0.80612,2.4509,-1.3077,0.59532,0.6554,1.5343,-2.1296,0.056614,0.43667,1.0725,-1.2516,-0.085476,0.46584,1.6173,-1.2481,0.21591,0.48917,1.0613,-1.5454,-0.098828,0.36058,1.1502,-0.74944,0.14531,0.34185,0.97286,-0.92808,0.087757,0.33262,1.0579,-0.9135,-0.064297,0.25003,0.76257,-0.74883,0.001765,0.32111,1.3499,-0.86289,0.018905,0.5603,1.9097,-0.098828,0.23246
232.04,114.93,566.27,93.48,185.15,0.053455,0.17141,0.67164,2.0281,4.3733,-3.6565,1.7007,0.83105,2.103,-2.0807,0.10007,0.7977,2.8556,-1.0171,0.92073,0.4958,1.2073,-1.0493,0.23913,0.35955,0.77545,-1.1548,0.0343,0.45916,1.3208,-0.94245,0.09114,0.47942,1.362,-1.2928,0.2867,0.32849,0.85895,-0.70699,0.11476,0.3508,0.97906,-1.3291,0.031424,0.27118,1.0341,-0.84923,-0.040237,0.26938,0.47847,-0.91467,-0.12175,0.26295,0.74058,-0.65793,-0.0047751,0.52165,1.7007,-0.12175,0.27935
225.58,111.7,755.56,97.511,182.56,0.086795,0.24562,0.50847,1.7421,5.1788,-2.6334,2.2711,1.0044,2.3745,-2.3555,-0.10705,0.92835,2.7667,-1.6082,0.53161,0.75788,1.4522,-2.1455,-0.0046182,0.41808,1.2635,-0.96963,0.12117,0.42866,1.0946,-1.0086,0.23302,0.44272,1.1399,-1.0827,0.056467,0.33208,1.078,-0.56749,0.15432,0.34374,0.99902,-0.89097,0.088227,0.34741,0.96478,-0.91836,-0.06636,0.26955,0.71346,-0.75552,-0.096776,0.29532,0.69059,-1.0042,-0.044286,0.65723,2.2711,-0.10705,0.2614
377.67,254.67,943.16,136.12,235.61,0.054647,0.20528,0.375,1.6559,5.3779,-1.8037,2.4644,0.99118,2.1304,-2.3046,-0.051723,0.87191,2.9842,-1.3784,0.6115,0.7787,1.8397,-2.71,0.038873,0.59134,2.0074,-1.6552,0.29555,0.43953,1.7702,-0.86858,0.18167,0.48069,1.2217,-1.5246,-0.039536,0.33801,1.2492,-1.3222,0.084093,0.33884,0.83375,-1.1363,0.13531,0.34158,0.88089,-0.92645,-0.026382,0.26452,0.54915,-0.90105,-0.066492,0.26828,1.0316,-0.64105,0.02005,0.70684,2.4644,-0.066492,0.30395
289.52,204.81,760.13,120.29,181.57,0.041725,0.16999,0.39216,1.3185,5.2324,-2.1775,2.1754,0.90121,2.1712,-2.6748,0.0036039,0.92086,3.2899,-0.65456,1.0637,0.52483,1.4942,-1.1331,0.22256,0.4763,1.1568,-1.2513,0.1363,0.48067,1.4777,-0.97297,0.32716,0.50836,1.0261,-1.77,-0.084889,0.26931,0.78342,-0.75596,0.014184,0.34213,0.85479,-1.2544,0.020209,0.31444,0.83059,-0.91647,-0.027315,0.27097,0.73469,-0.84439,-0.098292,0.288,0.82682,-0.7729,-0.059764,0.66909,2.1754,-0.098292,0.30774
460.75,253.31,984.14,122.46,455.95,0.038915,0.15851,0.30534,1.4884,5.0869,-3.3779,2.3069,0.94476,1.771,-2.8659,-0.32342,0.9539,3.17,-0.71222,1.0257,0.72112,1.5107,-2.1518,-0.32357,0.39906,1.1965,-0.7589,0.25954,0.46391,1.3326,-0.69783,0.2716,0.57777,0.85266,-1.6833,-0.56169,0.3171,0.94346,-0.77873,0.15329,0.42069,1.0899,-1.1153,0.00010621,0.45467,0.99145,-1.0047,-0.12635,0.25867,0.59032,-0.64365,-0.028879,0.31394,0.865,-0.62621,0.093125,0.76634,2.3069,-0.56169,0.22886
345.71,227.02,753.34,116.62,178.2,0.052658,0.19959,0.31496,1.4203,5.488,-1.9162,2.5597,0.96009,2.4705,-2.2846,0.12251,1.0087,3.5159,-1.1847,0.86728,0.72884,1.4242,-2.033,-0.15381,0.49846,2.3779,-0.8184,0.18213,0.4706,1.836,-0.62325,0.33218,0.62862,0.50618,-2.1376,-0.56351,0.31403,0.84272,-0.96182,0.018401,0.34773,0.89453,-1.0845,-0.012668,0.39823,0.96547,-0.99885,-0.060724,0.22725,0.67114,-0.64962,-0.077704,0.31989,0.67889,-1.0416,-0.0039688,0.7952,2.5597,-0.56351,0.26749
376.34,82.61,729.9,214.52,362.5,0.066467,0.28435,0.37175,1.5103,4.4627,-3.6834,1.5282,1.2052,1.9267,-3.1929,-0.34814,0.86227,2.2768,-1.8652,0.33167,0.59572,1.1994,-1.1111,0.086629,0.47141,1.1639,-1.2133,-0.04553,0.40092,1.018,-0.87556,-0.0071825,0.43205,0.73024,-1.4181,-0.3207,0.39358,0.75811,-1.3436,-0.21867,0.49696,1.1306,-1.3281,0.016032,0.44439,0.77596,-1.8845,-0.20261,0.50052,0.56031,-1.7759,-0.19554,0.56036,1.5568,-1.5836,-0.10886,0.50418,1.5282,-0.34814,0.04294
354.32,58.881,468.32,230.76,359.17,0.059193,0.24163,0.2847,1.2846,4.6552,-1.4755,1.5862,0.96059,2.3262,-2.134,-0.09441,0.94017,2.4089,-1.4075,0.61569,0.58561,1.5197,-1.037,0.17742,0.45414,1.3619,-0.95987,0.056861,0.45455,1.3234,-0.84703,0.14777,0.33769,0.52429,-1.1722,-0.35676,0.34858,1.0586,-0.86646,-0.14958,0.3982,1.0026,-1.0316,-0.047634,0.28784,0.52969,-1.025,-0.069294,0.38382,0.70773,-1.212,-0.17892,0.41023,0.97306,-1.1559,0.036023,0.51373,1.5862,-0.35676,0.14361
352.35,67.798,588.47,261.72,319.33,0.063784,0.35152,0.20305,1.1429,4.3781,-1.4062,1.9047,1.2973,2.383,-2.8265,-0.15287,1.0904,2.3855,-2.1708,0.42048,0.60535,1.9364,-1.2784,0.089024,0.45522,1.3116,-0.80201,0.083016,0.42385,1.0409,-1.2245,0.04513,0.30317,0.53282,-1.2054,-0.29615,0.31212,0.69534,-0.85165,-0.11794,0.36799,0.7304,-1.5004,0.12949,0.35269,0.65273,-1.3873,-0.16454,0.40123,0.93047,-1.5202,-0.12336,0.53246,1.0582,-1.6485,0.12691,0.5805,1.9047,-0.29615,0.16199
347.89,48.34,447.68,249.53,336.5,0.064859,0.24896,0.25,1.5989,3.7305,-3.649,1.4396,0.86967,2.3579,-1.6525,0.35531,0.76941,2.4663,-0.85179,0.65882,0.52923,1.3601,-1.159,0.072889,0.35769,0.93693,-0.85161,0.067681,0.47102,1.5552,-1.4581,0.16791,0.35828,0.53936,-1.2654,-0.21575,0.367,0.57611,-1.2508,-0.17685,0.29351,0.84321,-0.72206,0.087729,0.38898,0.57382,-1.3744,-0.20854,0.46489,0.726,-1.6911,-0.1448,0.46395,1.1322,-1.2078,0.051884,0.47059,1.4396,-0.21575,0.17965
352.52,92.648,615.02,175.7,356.73,0.10561,0.37038,0.36697,1.511,4.0306,-3.4127,1.4621,0.7392,2.1864,-1.7004,0.40186,0.75157,2.6269,-0.86954,0.7504,0.45917,1.6817,-0.91627,0.24866,0.39441,0.9568,-1.3576,-0.084153,0.36704,1.176,-0.80408,0.089603,0.44799,0.69256,-1.7009,-0.11766,0.39289,0.78203,-1.6907,-0.32465,0.36527,0.94982,-1.3542,-0.059247,0.3709,1.0316,-1.306,-0.19941,0.47746,1.2936,-1.7365,-0.24038,0.53077,1.1336,-1.4777,-0.033293,0.51007,1.4621,-0.32465,0.15782
281.32,93.59,579.8,155.2,249.96,0.061888,0.21737,0.38298,1.3082,5.0892,-1.8948,2.1677,1.0264,2.3644,-2.0257,0.2809,0.80383,2.9876,-1.8069,0.53583,0.62435,1.5074,-1.3535,0.13585,0.44526,1.4963,-0.79054,0.24722,0.43134,1.3298,-1.1268,0.094207,0.30871,0.73433,-1.1161,-0.15371,0.36733,1.102,-1.1248,-0.082075,0.33417,1.0254,-0.72763,0.14904,0.25865,0.63305,-0.82266,-0.18284,0.37094,0.59846,-1.4047,-0.075075,0.45429,1.1721,-1.7555,0.156,0.63076,2.1677,-0.18284,0.27275
356.07,53.651,645.09,227.48,345.85,0.06028,0.18838,0.42636,1.2052,5.6637,-1.4189,1.8639,1.0233,1.9123,-2.828,-0.015949,0.79817,2.1017,-1.8759,0.28154,0.55582,1.4722,-1.3836,0.097851,0.5174,1.7408,-1.4535,0.23052,0.3773,0.96109,-1.119,-0.06248,0.36014,0.96253,-1.1896,-0.1608,0.33917,1.076,-0.93516,0.05611,0.29865,0.88512,-0.95771,-0.077685,0.35824,0.51929,-1.6876,-0.16194,0.41379,0.80924,-1.7011,-0.094695,0.48042,1.073,-2.0634,-0.038467,0.55478,1.8639,-0.16194,0.15983
318.31,80.901,511.6,199.37,302.22,0.06929,0.20129,0.51522,1.2836,4.4126,-1.5301,1.8899,0.93949,2.3803,-1.9486,0.10704,0.80193,2.8001,-0.95598,0.93747,0.53992,1.3208,-1.7949,0.084568,0.42012,1.3343,-0.95108,0.095636,0.44718,1.0206,-1.0657,0.12203,0.41128,0.87335,-1.6345,-0.21189,0.3791,0.82358,-1.2439,-0.081747,0.43277,1.1505,-1.2321,0.010825,0.37411,0.74231,-1.7204,-0.11547,0.50242,1.0616,-1.7789,-0.14291,0.56604,1.1602,-1.7354,0.020234,0.60033,1.8899,-0.21189,0.2263
258.93,56.761,452.1,156.46,264.54,0.10958,0.27746,0.67485,1.1516,4.5351,-1.3853,2.2248,0.94633,2.4661,-1.9862,0.41793,0.76361,2.5552,-0.80219,0.98729,0.54477,1.3781,-1.3494,0.19659,0.44381,1.272,-0.764,0.18587,0.43341,1.2072,-0.90067,0.22273,0.31785,0.7582,-1.2739,-0.11424,0.35327,0.97529,-1.2766,-0.076764,0.33775,1.0314,-0.96515,0.063241,0.23071,0.54467,-0.64331,-0.034395,0.26906,0.62594,-0.80872,-0.01129,0.28332,0.93108,-0.82069,0.20317,0.65863,2.2248,-0.11424,0.35541
324.56,58.54,419.81,173.05,341.61,0.085477,0.23576,0.43668,0.864,3.8862,-1.1256,1.9564,1.0524,2.3504,-1.9121,0.28128,0.78035,2.5086,-1.2063,0.76119,0.46659,1.2809,-0.97104,0.016272,0.38823,1.3614,-0.7166,0.27507,0.56287,1.4256,-1.2703,0.16819,0.39775,0.81429,-1.5463,-0.12736,0.38042,0.84452,-1.3022,-0.097925,0.27062,0.87737,-0.78464,0.00739,0.24869,0.43665,-0.83609,-0.11261,0.30468,0.5104,-0.89872,-0.18058,0.36526,0.76131,-1.543,0.1137,0.59493,1.9564,-0.18058,0.25508
299.31,57.757,661.97,155.05,302.71,0.081949,0.25697,0.37453,1.1488,4.1366,-1.368,1.6077,0.9131,2.1916,-2.4995,-0.0061984,1.087,2.4941,-1.7093,0.77137,0.57525,1.1507,-1.3944,-0.074596,0.40666,1.1757,-0.72308,0.28928,0.41065,0.85868,-1.4017,-0.056015,0.29499,0.69768,-0.89742,0.043428,0.39071,0.70764,-1.1802,-0.21365,0.28151,0.86063,-0.45637,0.23675,0.26596,0.55516,-0.99247,-0.2037,0.32739,0.9825,-0.92105,0.017938,0.27962,0.9476,-0.71007,0.070573,0.51424,1.6077,-0.21365,0.20691
314.34,44.609,444.21,164.27,309.14,0.05841,0.22747,0.34783,1.7665,5.8778,-4.0371,1.2629,0.84692,2.2437,-2.126,0.23536,0.97678,2.5897,-1.8473,0.48692,0.64518,1.3841,-2.1279,-0.10264,0.45573,1.5092,-1.2721,0.2077,0.37701,0.73038,-1.3561,-0.092709,0.30065,0.78335,-0.74519,0.065161,0.35539,0.73547,-1.3596,-0.14168,0.34948,1.1738,-1.051,0.075475,0.29928,0.55896,-0.95709,-0.22558,0.29622,0.74661,-0.85036,0.07642,0.30689,0.66626,-1.3284,-0.021182,0.39988,1.2629,-0.22558,0.15218
313.94,94.865,763.04,179.31,299.97,0.047964,0.20818,0.33333,1.6792,5.4145,-3.8888,1.282,0.79965,2.0925,-1.7249,0.16731,1.0594,2.5695,-1.9203,0.55913,0.70572,1.5013,-2.3648,-0.078863,0.47925,1.474,-0.91708,0.37284,0.46759,0.83879,-1.5706,-0.21566,0.29861,0.95965,-0.62211,0.20024,0.37543,0.62171,-1.5314,-0.26438,0.38528,1.0688,-0.58248,0.1739,0.2897,0.6692,-0.98883,-0.23161,0.27541,0.85421,-0.66369,0.091084,0.26862,0.78,-0.48812,0.10979,0.42632,1.282,-0.26438,0.18048
325.76,114.24,699.42,156.33,364.92,0.049334,0.20691,0.26786,1.7174,4.836,-3.7028,1.889,1.2034,2.5471,-2.7725,0.32017,0.88722,2.6517,-1.008,0.51201,0.65986,1.4833,-1.6026,-0.010623,0.49053,2.1072,-0.86486,0.29283,0.42862,0.90528,-1.1034,-0.16027,0.37106,0.91943,-1.0566,-0.012557,0.39472,1.0892,-1.0985,-0.050525,0.35533,0.9873,-1.0295,0.10561,0.39356,0.60421,-1.6253,-0.37381,0.3392,0.68261,-1.2177,-0.13121,0.49518,0.53837,-1.6191,-0.19648,0.59211,1.889,-0.37381,0.18202
279.26,53.308,427.87,172.03,285.34,0.045874,0.17781,0.33473,1.7215,3.7975,-3.5539,1.4147,0.74744,2.1823,-1.4312,0.42058,0.83164,2.9817,-1.0799,0.94936,0.43547,1.3816,-0.80139,0.23836,0.30701,1.2431,-0.65996,0.21529,0.41837,0.85367,-1.0309,-0.075329,0.27316,0.94221,-0.53381,0.20477,0.41396,0.65448,-1.4173,-0.27466,0.36076,1.1356,-0.732,0.10371,0.32593,0.71238,-1.0832,-0.24922,0.27769,0.98607,-0.55305,0.036891,0.25188,0.80144,-0.45222,0.1515,0.48463,1.4147,-0.27466,0.26133
374.38,64.169,482.2,234.39,388.29,0.044815,0.18499,0.41916,1.5784,5.098,-3.7259,1.3076,0.87352,2.375,-1.6808,0.097719,0.82446,3.2667,-1.0656,1.0059,0.50656,1.1423,-1.2536,0.056609,0.43239,1.1663,-0.91006,0.13546,0.48017,0.80266,-1.3692,-0.21937,0.33382,1.0293,-0.63995,0.15062,0.41828,0.61708,-1.271,-0.28081,0.35883,0.9014,-1.0156,-0.078903,0.47462,0.69491,-1.9719,-0.36631,0.46031,0.99934,-1.6903,-0.19609,0.59972,0.75441,-2.0577,-0.1545,0.51594,1.3076,-0.36631,0.1215
343.54,74.094,574.13,211.61,347.14,0.05672,0.19254,0.41237,1.2537,4.077,-1.9349,1.5301,0.92165,2.2926,-2.5859,-0.091254,0.90211,2.372,-1.6519,0.32481,0.663,1.0814,-2.0849,-0.04275,0.53956,1.5161,-0.9981,0.30632,0.46203,0.79188,-1.6072,-0.10563,0.28041,0.70601,-0.81727,-0.10178,0.41444,0.6985,-1.2643,-0.13602,0.42702,1.1562,-1.2196,-0.05518,0.3592,0.45304,-1.5049,-0.29567,0.39639,0.66465,-1.2789,-0.06988,0.4281,0.73449,-1.6833,-0.048525,0.48294,1.5301,-0.29567,0.10121
399.39,280.47,1052.8,175.75,246.81,0.036125,0.18024,0.36866,1.1757,4.4434,-1.8385,1.6343,0.81416,2.219,-2.1113,0.080182,0.9726,3.0674,-1.3058,0.95768,0.46667,1.2097,-1.0824,0.091813,0.45222,1.8585,-1.1359,0.23891,0.45534,0.92576,-1.5527,-0.095173,0.32574,0.70244,-1.0091,0.022196,0.47926,0.65107,-1.4468,-0.36114,0.34063,1.1217,-0.63364,0.19098,0.35365,0.4998,-1.2421,-0.37185,0.3256,0.77606,-0.88477,0.053393,0.23966,0.72471,-0.52014,0.089131,0.56019,1.6343,-0.37185,0.21087
375.21,223.56,825.04,101.34,265.12,0.044807,0.16302,0.38911,1.5065,4.2517,-2.9825,1.514,0.93087,1.517,-2.5583,-0.37772,0.9268,3.155,-0.93392,0.52451,0.54334,1.279,-1.3695,-0.02084,0.55077,1.8355,-1.1561,0.37623,0.60497,1.2982,-1.2714,-0.11576,0.40984,0.91349,-1.2318,-0.20205,0.37055,0.65237,-1.1526,-0.15289,0.3754,0.80082,-0.99544,0.047657,0.40833,0.8251,-1.808,0.05914,0.3039,0.60665,-1.2283,-0.30233,0.38054,1.4647,-1.188,0.22391,0.51082,1.514,-0.37772,0.13115
366.85,199.33,993.77,120.34,284.56,0.070976,0.21139,0.369,1.2518,4.0591,-2.6805,1.4548,0.90499,1.6922,-1.8258,-0.15267,0.95579,2.1743,-1.39,0.62215,0.55713,1.7615,-1.2986,0.29643,0.45858,1.2792,-1.4317,0.15053,0.42775,1.248,-1.0879,0.15313,0.38507,1.0981,-0.88893,0.051326,0.32666,0.53094,-1.0826,-0.10117,0.31486,0.81289,-0.53317,0.22864,0.23176,0.56962,-0.56438,-0.01326,0.27114,0.41659,-0.75415,-0.19164,0.25025,1.0071,-0.30825,0.30185,0.44727,1.4548,-0.19164,0.23334
283.4,73.204,548.01,168.32,265.73,0.063569,0.21552,0.33784,1.8483,4.6407,-3.8378,1.3769,0.98977,2.981,-1.9735,0.24547,0.8161,2.6448,-1.2497,0.80842,0.58462,1.5797,-1.718,0.29254,0.44924,1.5124,-0.89595,0.25191,0.49408,1.4664,-1.2909,0.12671,0.47308,0.80181,-1.4218,-0.17172,0.26395,0.60286,-0.7591,0.012435,0.33107,0.7862,-1.0604,0.021369,0.32531,0.96548,-1.4131,0.0095545,0.35771,0.41393,-1.9424,-0.26802,0.39422,1.1984,-1.0901,0.21279,0.44847,1.3769,-0.26802,0.2432
283.79,60.46,490.01,167.33,284.91,0.068502,0.26261,0.26667,1.5611,3.465,-4.0344,1.0582,0.76258,1.9106,-1.5806,0.093999,0.92619,2.8613,-1.3756,0.8368,0.63146,1.8304,-1.2959,0.39166,0.44899,1.0645,-1.2272,0.08917,0.5039,1.1014,-1.025,0.17497,0.51818,0.61665,-1.8438,-0.1267,0.31624,0.58919,-1.025,-0.12783,0.43966,1.243,-0.97526,0.11089,0.31736,1.2316,-0.57706,0.022605,0.27307,0.42982,-0.85951,-0.21424,0.30424,1.0682,-0.27589,0.31249,0.38572,1.0582,-0.21424,0.2185
253.79,76.856,511.24,112.29,260.29,0.050858,0.16175,0.48077,1.6042,3.9493,-3.6697,1.4686,0.79169,1.9059,-2.087,0.19952,0.86662,2.8906,-1.0942,0.83022,0.63644,1.7498,-0.92045,0.45536,0.48919,1.2311,-1.2105,0.15569,0.43777,1.4333,-0.72042,0.34197,0.48081,0.84211,-1.1455,-0.094767,0.31604,0.62351,-0.99612,-0.18181,0.34159,0.89635,-0.86962,0.13023,0.26964,0.92095,-0.69717,-0.057604,0.27738,0.75236,-0.99764,-0.16813,0.30877,0.83894,-1.1976,0.16729,0.47429,1.4686,-0.18181,0.27054
247.38,83.382,565.9,118.46,245.65,0.043363,0.16129,0.37313,1.4415,4.1285,-2.9814,1.4033,0.77283,1.8738,-1.833,-0.022642,1.1188,3.5834,-1.6197,1.1557,0.45346,1.5016,-0.85951,0.3283,0.40353,1.4071,-0.74761,0.24827,0.50838,1.2754,-1.389,0.061643,0.393,1.101,-0.96205,-0.006258,0.30713,0.64955,-0.8409,-0.12947,0.44522,1.1785,-1.0181,0.049314,0.27112,0.83359,-0.75514,-0.005778,0.3395,0.43135,-1.3128,-0.2395,0.26501,1.1252,-0.34973,0.26165,0.50637,1.4033,-0.2395,0.25871
378.34,97.985,842.07,215.85,371.33,0.061412,0.19306,0.35971,1.3467,3.0691,-3.2923,0.54153,1.165,1.6202,-3.6615,-0.41458,0.80247,2.6407,-1.1194,0.60552,0.50719,1.0771,-1.6209,-0.20151,0.5045,1.1662,-1.0223,0.19586,0.49849,0.75095,-1.4941,-0.12914,0.51518,1.5389,-1.1092,-0.011122,0.34301,0.88219,-1.1451,-0.23786,0.39003,0.6737,-1.9585,-0.10754,0.36154,0.85032,-1.3354,-0.15663,0.40195,0.52069,-1.4197,-0.27937,0.5237,1.0696,-1.3937,-0.028707,0.3155,0.60552,-0.41458,-0.01863
442.92,205.04,1108,199.22,388.89,0.046828,0.2535,0.21739,1.3012,3.3011,-2.6509,0.51251,1.3346,2.3906,-3.2898,-0.46779,0.78129,2.8773,-1.0563,0.61891,0.59839,1.3867,-1.3799,-0.28036,0.52418,1.4214,-0.90286,0.15855,0.48443,0.83793,-1.36,-0.063298,0.51561,1.6765,-0.77865,0.23459,0.46275,0.59006,-1.5873,-0.26816,0.36555,0.77776,-0.8922,0.057834,0.33914,0.44999,-1.8426,-0.20756,0.45603,0.69979,-1.568,-0.2477,0.54651,0.99717,-1.3964,0.024967,0.33128,0.61891,-0.46779,0.0060414
343.21,65.078,622.14,211.08,331.36,0.052468,0.20614,0.40323,1.6127,3.4189,-4.3457,0.31441,0.95753,2.432,-2.7881,-0.11844,0.88056,2.9523,-1.144,0.86603,0.58922,1.1043,-2.2777,-0.30329,0.37868,1.2008,-1.0166,0.057122,0.43177,0.97097,-1.6989,-0.11009,0.37064,1.377,-1.0041,0.12796,0.43554,0.90938,-1.405,-0.24417,0.34212,0.88678,-1.9813,-0.067314,0.35724,0.53899,-1.8879,-0.22575,0.36968,0.72588,-1.6048,-0.065391,0.40068,0.82052,-1.3873,-0.009785,0.31652,0.86603,-0.30329,0.018441
379.02,77.05,589.12,203.82,381.29,0.050511,0.21469,0.37618,1.2848,3.1741,-3.6893,0.40151,0.88012,2.1073,-2.1194,-0.095624,0.6628,2.3482,-0.46966,0.87056,0.72802,1.3065,-1.8322,-0.14699,0.47509,1.4909,-1.2757,0.11469,0.49353,0.74528,-1.4885,-0.31737,0.50495,1.1132,-1.264,-0.061331,0.39859,0.67234,-1.4963,-0.22185,0.36539,1.018,-0.91226,0.12487,0.4566,0.55616,-1.7412,-0.45089,0.5224,0.63095,-1.953,-0.25945,0.62616,1.0486,-1.7318,-0.0065011,0.3571,0.87056,-0.45089,-0.0040309
421.21,59.246,534.63,268.86,424.47,0.031704,0.16338,0.35461,1.4534,3.3214,-4.7665,0.16285,1.0287,1.9839,-3.118,-0.1477,0.68957,2.3168,-0.62311,0.87829,0.57106,0.91028,-1.4929,-0.24666,0.40509,1.2092,-0.92368,0.05622,0.45526,0.67986,-1.9793,-0.28585,0.57977,1.7776,-1.1336,-0.077857,0.35095,0.45092,-1.4092,-0.36821,0.51911,1.2059,-1.567,-0.04765,0.5786,0.48924,-2.183,-0.69099,0.54421,0.82809,-1.87,-0.36764,0.63613,1.1789,-1.6149,-0.12873,0.38203,0.87829,-0.69099,-0.10533
398.46,53.971,530.93,266.87,391.51,0.029164,0.11674,0.45977,1.2722,3.3379,-3.6656,0.44718,0.80814,1.723,-2.4226,-0.14668,0.80518,3.3149,-0.36205,0.9713,0.49108,0.9357,-1.6136,-0.17746,0.34488,0.8645,-1.0197,-0.044276,0.33446,0.59866,-1.2166,-0.30533,0.41958,1.7255,-1.3589,0.076174,0.50988,0.47277,-1.8706,-0.5157,0.39226,1.0309,-1.3732,-0.026105,0.42949,0.53303,-1.9575,-0.41205,0.43282,0.85961,-1.6855,-0.26975,0.64804,2.1089,-1.5117,-0.13884,0.40468,0.9713,-0.5157,-0.045128
349.56,59.797,461.35,243.73,356.12,0.048496,0.17789,0.45929,1.3129,4.1574,-2.9224,0.64564,0.99051,2.1064,-2.3336,-0.35731,0.86357,2.8459,-1.3382,0.65572,0.65973,1.3628,-2.4354,-0.38152,0.45512,1.5608,-0.77339,0.3279,0.44152,1.0286,-1.3279,-0.10854,0.35774,0.81927,-1.1041,-0.044222,0.46173,0.88264,-1.4577,-0.21428,0.32918,0.8692,-1.1477,0.063312,0.37346,0.4826,-1.7612,-0.29733,0.45416,0.52055,-2.0894,-0.17497,0.6028,0.98824,-2.129,0.029563,0.35795,0.65572,-0.38152,0.011997
393.05,155.64,997.28,225.94,363.06,0.035076,0.1742,0.25907,1.0761,3.7906,-1.9687,0.79403,1.1817,1.6763,-3.6648,-0.48832,0.82468,3.1556,-1.4601,0.53022,0.64106,1.4173,-1.6984,-0.19393,0.52686,1.4148,-0.9274,0.32036,0.43325,0.78959,-1.1873,-0.11866,0.35992,1.4666,-1.0184,-0.063389,0.406,0.75505,-1.4499,-0.1367,0.34436,1.3199,-1.3247,0.14127,0.46186,0.90651,-1.5353,-0.20329,0.52453,1.1996,-1.8774,-0.19642,0.4654,1.144,-1.2251,0.030609,0.35847,0.79403,-0.48832,0.034648
467.4,290.47,1138.1,223.26,362.82,0.042338,0.20209,0.2381,1.0492,3.6116,-1.9528,1.0124,1.3118,2.1661,-3.6654,-0.32714,0.8639,2.7414,-1.6084,0.49161,0.7129,1.5973,-2.1107,-0.12321,0.45122,1.5249,-1.026,0.4133,0.47197,0.92374,-1.433,-0.059086,0.44087,1.1736,-1.1346,-0.051609,0.38144,0.79287,-1.6336,-0.13518,0.29382,1.2701,-0.49704,0.16343,0.31504,0.68467,-1.1293,-0.10727,0.31768,0.84663,-1.3995,-0.04646,0.39253,1.2064,-1.0812,0.19884,0.3685,1.0124,-0.32714,0.11914
339.31,51.008,715.66,235.14,350.62,0.028761,0.175,0.29412,1.2486,4.3832,-3.1248,0.81974,1.1706,2.7713,-3.133,-0.15208,0.85221,3.2642,-1.009,0.9702,0.54425,1.0335,-1.9176,-0.14429,0.41537,1.4028,-0.99157,0.12702,0.40412,0.94012,-1.2689,0.023709,0.38367,1.0694,-0.9071,0.077007,0.39491,0.73839,-1.3746,-0.16998,0.27025,0.89508,-0.47409,0.14551,0.33401,0.65926,-1.2093,-0.12708,0.26704,0.71314,-0.66224,-0.031461,0.33817,1.1781,-1.2785,0.16179,0.37324,0.9702,-0.16998,0.14167
406.31,82.54,561.6,241.61,420.44,0.048767,0.18452,0.40201,1.1342,2.8098,-2.9715,0.28442,1.108,1.7041,-3.0218,-0.36779,0.92184,3.4676,-0.64068,1.0241,0.52083,0.74059,-1.6689,-0.34306,0.45449,1.6206,-1.1205,0.11054,0.44841,0.94965,-1.5219,-0.22424,0.40691,1.4228,-1.3832,0.030221,0.42904,0.59697,-1.8668,-0.35473,0.43175,0.81018,-1.45,-0.14317,0.47827,0.47737,-1.6394,-0.38832,0.5146,1.1585,-1.8855,-0.40761,0.84744,2.2286,-2.0037,-0.12156,0.4108,1.0241,-0.40761,-0.075104
