363.91,247.42,716.74,84.021,166.77,0.058968,0.22446,0.3663,1.8957,5.2978,-3.7417,2.6763,0.74497,1.7337,-1.982,-0.046728,0.77665,3.1996,-0.66242,0.82836,0.55817,1.4398,-1.1511,0.17079,0.37619,1.423,-0.59445,0.28427,0.52177,1.0765,-1.0648,-0.15565,0.54514,0.99079,-1.3942,-0.32505,0.38632,0.84136,-0.93498,0.0023554,0.29887,0.72475,-0.60713,0.029201,0.3359,0.78221,-0.83867,0.10954,0.22091,0.3659,-0.66905,-0.10627,0.29227,0.53703,-1.2677,-0.07863,0.80704,2.6763,-0.32505,0.28238
244.79,184.12,684.71,84.804,138.8,0.083299,0.27892,0.54795,1.7101,5.3525,-2.251,2.4736,0.80461,2.5526,-1.5508,0.2448,1.1308,3.8933,-0.81758,1.0294,0.67503,1.5254,-1.1823,0.26841,0.32304,1.1947,-0.3725,0.34972,0.47226,0.94372,-1.2866,-0.018818,0.4081,0.72871,-1.1163,-0.23849,0.30281,0.5162,-0.9115,-0.051625,0.31713,0.7926,-0.7371,-0.028455,0.29953,0.67259,-0.50434,-0.0080633,0.27326,0.80055,-0.73143,-0.035486,0.26005,0.4823,-1.1028,-0.091931,0.75317,2.4736,-0.23849,0.32442
335.4,251.85,729.2,81.36,144.43,0.077196,0.26895,0.34884,1.9188,5.3462,-2.4221,2.7263,0.96415,2.4493,-1.9155,0.098116,0.78549,2.9852,-0.55436,0.72642,0.60718,1.2038,-1.5721,0.017572,0.36466,1.2209,-0.78907,0.27462,0.57268,1.2073,-1.2479,0.093454,0.57378,0.80834,-1.4732,-0.24012,0.33629,0.8624,-0.75623,-0.077541,0.31215,1.1102,-0.80427,0.073042,0.32986,1.0056,-0.72,0.039207,0.29452,0.38097,-0.77229,-0.11653,0.23337,0.50289,-0.53098,-0.040628,0.80203,2.7263,-0.24012,0.29782
187.15,129.76,562.87,99.443,131.36,0.068601,0.23227,0.55659,2.004,5.2177,-3.6314,2.0843,0.84706,3.0213,-1.4732,0.44939,0.89415,3.4293,-0.95241,0.95655,0.58939,1.7867,-1.3109,0.21024,0.39662,1.3787,-0.81929,0.31351,0.47602,1.21,-1.0074,0.026603,0.49603,0.86606,-1.6984,-0.23327,0.29659,0.70911,-1.0877,-0.099594,0.24065,0.64181,-0.70693,0.066117,0.30277,0.80391,-0.74542,-0.098546,0.28222,0.79298,-0.90951,-0.16634,0.21311,0.75091,-0.58682,0.0033999,0.65243,2.0843,-0.23327,0.29269
159.36,92.482,497.04,92.622,134.35,0.11161,0.28484,0.49645,2.1095,5.4379,-3.2469,2.6143,0.75788,2.303,-1.3994,0.53928,0.79021,3.5497,-1.0409,0.85796,0.46295,1.4946,-1.5019,0.31905,0.37566,1.2773,-0.61605,0.2996,0.55776,1.4189,-1.0106,0.27387,0.51772,0.86156,-1.3847,-0.12344,0.26373,0.73347,-0.74889,-0.13014,0.28375,0.73572,-0.81049,0.11796,0.23883,0.6114,-0.68492,-0.15568,0.27291,0.56827,-0.85727,-0.27072,0.27904,0.74976,-0.73083,-0.01733,0.78123,2.6143,-0.27072,0.3604
176.75,131.09,532.38,91.389,125.59,0.080239,0.22798,0.46332,2.1594,5.7959,-3.3565,2.2563,0.7305,2.3216,-1.7104,0.1692,0.99392,3.8656,-0.76167,1.3634,0.53299,2.0304,-0.96208,0.37042,0.35027,1.3041,-0.58527,0.31835,0.53759,1.2144,-1.0347,-0.046985,0.58198,1.1529,-1.6552,-0.12788,0.35148,0.97649,-0.67753,0.10409,0.32534,0.77557,-0.80833,0.024418,0.28328,0.73619,-0.86871,-0.093945,0.29858,0.50804,-0.92848,-0.18314,0.23481,0.55934,-0.61681,-0.028742,0.73063,2.2563,-0.18314,0.34379
175.04,143.71,616.86,89.803,117.6,0.070942,0.22407,0.58824,1.9257,5.3209,-3.7245,2.5905,0.91094,2.5397,-1.3896,0.40737,0.95225,3.5805,-0.99621,0.81083,0.56264,1.6618,-1.2602,0.088642,0.37652,1.613,-0.37673,0.42479,0.46899,0.99096,-1.2767,-0.19825,0.43267,0.83353,-1.1958,-0.24764,0.31602,1.0386,-0.67533,0.024125,0.29278,0.91787,-0.66128,0.015147,0.35572,0.85847,-0.80299,0.054014,0.28518,0.79475,-0.96663,-0.1573,0.21241,0.61285,-0.67325,-0.066255,0.77965,2.5905,-0.24764,0.31216
244.92,196.87,707.97,93.204,135.95,0.073273,0.2289,0.625,1.955,5.5748,-2.4456,2.8772,0.79229,2.5995,-1.916,0.30852,0.91349,3.5799,-1.296,0.69133,0.60197,1.4364,-1.498,0.10311,0.44319,1.8771,-0.7323,0.27177,0.58911,1.5482,-1.2681,0.026334,0.47094,1.0922,-1.1421,-0.17459,0.38196,1.0645,-1.1708,-0.062319,0.34551,0.97026,-0.71183,0.10846,0.29966,1.0107,-0.7889,-0.040707,0.31063,0.8029,-0.88484,-0.090471,0.24181,0.6012,-0.78538,-0.11564,0.83864,2.8772,-0.17459,0.32525
155.34,87.6,467.42,89.459,126.64,0.074856,0.23208,0.56537,1.9711,5.3999,-3.3336,2.5637,0.79694,2.6121,-1.4927,0.33881,0.9821,3.5854,-1.0532,1.1776,0.45523,1.3434,-1.0381,0.32617,0.3836,1.347,-0.79124,0.23334,0.52389,1.2541,-1.2439,0.12597,0.56156,1.0015,-1.5455,-0.15614,0.30708,0.60441,-0.9349,-0.11377,0.28166,0.68583,-0.70755,-0.0068308,0.2448,0.51626,-0.75894,-0.089628,0.27665,0.57904,-0.84089,-0.20471,0.31561,0.60725,-1.1366,-0.077093,0.7938,2.5637,-0.20471,0.34312
209.67,164.28,594.94,92.944,132.19,0.091729,0.29466,0.41522,1.7269,5.2484,-3.0016,2.5492,0.72127,2.8194,-1.087,0.41883,1.021,3.5733,-0.99114,1.2546,0.51681,2.0863,-0.93644,0.42691,0.3877,1.2056,-0.86365,0.1778,0.57714,1.3836,-1.2528,-0.0015861,0.49235,0.90304,-1.5452,-0.16934,0.26598,1.0034,-0.88218,-0.088815,0.28774,0.7109,-0.80657,-0.032646,0.27903,0.7267,-0.8201,-0.09589,0.23513,0.55977,-0.8221,-0.077648,0.23068,0.43579,-0.84694,-0.15377,0.80129,2.5492,-0.16934,0.35063
221.3,171.39,625.04,83.763,147.3,0.079564,0.22789,0.82192,1.774,5.4284,-2.866,2.5442,0.77323,2.7571,-1.2744,0.67123,0.97971,3.1984,-1.2734,1.0507,0.41636,1.7305,-0.29862,0.52859,0.43196,1.7394,-0.81796,0.15729,0.62341,1.2144,-1.3613,-0.19575,0.48374,1.0298,-1.1132,0.022083,0.24987,0.6311,-0.85505,-0.10515,0.2768,0.78654,-0.65394,0.041518,0.29267,0.72953,-0.67953,-0.0025789,0.2605,0.43027,-0.92497,-0.16083,0.23662,0.61145,-0.55522,-0.0082154,0.77982,2.5442,-0.19575,0.37859
208.86,29.468,484.98,154.64,210.57,0.057345,0.26462,0.37175,1.773,4.8358,-3.6723,2.0854,0.70888,2.2924,-1.0625,0.58021,0.90682,3.0244,-1.3726,0.54366,0.5422,1.6378,-0.9763,0.33525,0.42487,1.4134,-0.63746,0.38352,0.53811,1.5187,-1.1535,-0.0095219,0.32012,0.74213,-1.0994,0.0508,0.30355,0.75615,-0.72104,-0.01124,0.32137,0.92312,-0.48466,0.1726,0.3393,0.62738,-0.93827,-0.084114,0.25029,0.61728,-0.87169,0.024293,0.26762,0.87269,-0.5305,0.27172,0.58645,2.0854,-0.084114,0.36188
205.46,35.581,242.4,140.25,216.73,0.09759,0.36589,0.35211,1.3589,4.6231,-1.9286,2.1655,0.73842,2.6656,-0.88673,0.7876,1.0232,2.7568,-1.742,0.82974,0.70454,1.8176,-1.382,0.47583,0.49006,1.3592,-1.1119,0.26297,0.50268,1.167,-1.0579,0.22009,0.25134,0.6673,-0.92031,-0.018405,0.32062,0.90405,-0.8632,-0.11318,0.30873,1.2673,-0.5514,0.14615,0.26174,0.65006,-0.66972,-0.11773,0.24087,0.58672,-0.74028,-0.028905,0.2593,1.0723,-0.26481,0.30581,0.63757,2.1655,-0.11773,0.40963
191.58,33.239,264.18,135.66,197.21,0.087924,0.2879,0.3937,1.6875,5.2617,-1.7294,2.3882,0.95779,3.1123,-1.7007,0.72898,0.99375,2.6682,-1.5418,0.43158,0.55425,1.6557,-0.75968,0.46063,0.43627,1.465,-0.97041,0.35704,0.59921,1.5841,-1.2784,0.12529,0.3066,1.28,-0.57061,0.10959,0.31627,0.662,-1.2096,-0.13422,0.32165,0.87277,-0.46341,0.21398,0.25178,0.43395,-0.93932,-0.14011,0.29632,0.59351,-0.86191,-0.090953,0.268,1.0519,-0.2245,0.3957,0.67958,2.3882,-0.14011,0.40381
215.29,32.39,276.24,119.15,216.42,0.074883,0.21149,0.42216,2.1759,5.795,-4.1904,2.0615,0.82494,3.4738,-1.2798,0.84182,0.84488,2.7047,-0.94888,0.79321,0.59568,1.5399,-0.97681,0.3673,0.38369,1.3314,-0.69813,0.28075,0.52349,1.6515,-1.3528,0.053538,0.36867,0.74988,-1.0634,-0.049492,0.32093,0.57001,-1.0301,-0.14255,0.30995,0.93153,-0.84202,0.10192,0.29439,0.54061,-0.90919,-0.19136,0.27137,0.60919,-1.0803,-0.064673,0.29767,1.2158,-0.41276,0.35119,0.63143,2.0615,-0.19136,0.36693
219.93,49.618,334.17,141.75,213.46,0.13315,0.38121,0.40323,2.0702,5.3072,-3.9627,2.1811,0.70143,2.7324,-0.71002,0.8196,0.75097,2.8994,-0.77003,0.91772,0.37707,1.4799,-0.37257,0.54843,0.40476,1.2233,-0.88835,0.23969,0.56216,1.4205,-0.89465,0.25746,0.32054,0.71146,-0.96175,-0.01942,0.30577,0.78009,-0.86991,-0.19464,0.24274,0.90128,-0.53992,0.17969,0.28153,0.67272,-0.93714,-0.18953,0.26605,0.54578,-0.97953,-0.034498,0.25069,1.0014,-0.19474,0.34317,0.66038,2.1811,-0.19464,0.42073
230.72,40.593,302.49,155.5,232.03,0.1533,0.40043,0.41176,2.0428,5.765,-3.908,1.6781,0.75008,2.5858,-2.0272,0.79263,0.8691,3.1615,-1.0773,1.1038,0.50953,1.9515,-1.0701,0.55866,0.36952,1.4079,-0.85624,0.2529,0.51012,1.1826,-0.87894,0.090544,0.36905,1.0218,-1.0405,0.12048,0.35329,0.60839,-1.159,-0.16571,0.31283,1.0477,-0.8203,0.11269,0.27849,0.61267,-0.92907,-0.18113,0.21417,0.83746,-0.39669,0.088961,0.30234,1.0389,-0.5086,0.36998,0.55116,1.6781,-0.18113,0.40182
219.28,28.434,263.67,163.36,220.86,0.073483,0.23193,0.28329,1.84,5.984,-2.9238,2.3835,0.90188,3.0574,-1.5595,0.6806,1.0048,3.1652,-1.3723,0.45849,0.59402,1.8731,-1.2638,0.34339,0.42455,1.4356,-0.64001,0.32403,0.50504,1.482,-1.3005,0.15151,0.41985,1.0616,-0.98855,0.042835,0.40592,0.82506,-1.2343,-0.07625,0.30277,0.96832,-0.75937,0.17586,0.3546,0.90878,-0.95045,-0.1232,0.22661,0.79555,-0.6549,-0.019,0.24675,1.0596,-0.29067,0.28882,0.67088,2.3835,-0.1232,0.38588
228.87,50.155,462.05,127.79,227.03,0.098875,0.30933,0.33413,1.7189,6.2177,-2.5373,2.5536,0.92735,4.1126,-1.2238,0.62268,0.82626,2.724,-1.2046,0.35417,0.58396,1.5816,-1.3781,0.14714,0.48099,1.9787,-0.83526,0.47174,0.46777,1.2643,-1.5494,0.020949,0.38545,1.1477,-0.99697,0.1352,0.33646,0.90461,-1.3,-0.091754,0.33946,1.0063,-0.9198,0.16099,0.32944,0.72375,-1.1447,-0.024813,0.26634,0.54648,-0.97708,-0.07795,0.2811,1.1481,-0.39053,0.32539,0.71874,2.5536,-0.091754,0.38311
198.1,48.341,442.19,136.63,195.73,0.08453,0.25507,0.47458,1.5869,5.5106,-2.0137,2.4952,0.83852,2.612,-1.8942,0.75803,0.91364,2.9454,-1.4186,0.94895,0.47943,2.0101,-0.54843,0.56172,0.40387,1.2137,-0.94447,0.19314,0.5419,1.4138,-1.0413,0.27205,0.33701,0.88791,-1.1661,0.01747,0.42506,1.3228,-1.6052,-0.2607,0.28529,0.90564,-0.68135,0.18248,0.31909,0.64712,-1.1348,-0.19965,0.25011,0.66747,-0.84327,0.0026047,0.32391,1.117,-0.55149,0.34653,0.74057,2.4952,-0.2607,0.44315
200.29,45.826,314.25,136.12,210.14,0.085017,0.21441,0.69767,1.3946,4.8929,-3.0836,2.2934,0.73698,2.5085,-0.67888,0.82702,0.88484,3.0798,-0.96877,1.0289,0.49685,1.6485,-1.0581,0.46756,0.45065,1.4699,-0.83174,0.21166,0.58329,1.7776,-1.2767,0.34892,0.3405,0.85285,-1.049,0.16609,0.42274,0.82347,-1.4358,-0.23607,0.31495,0.89173,-0.43971,0.23087,0.26507,0.35482,-1.2873,-0.2336,0.21164,0.65773,-0.59075,-0.033704,0.31917,1.0496,-0.48718,0.31312,0.69164,2.2934,-0.23607,0.44868
174.9,25.397,274.1,126.62,174.5,0.069735,0.18802,0.48193,1.7358,4.7253,-3.6852,2.2308,1.0975,2.2849,-2.3648,0.0048962,0.76294,3.0872,-0.62063,0.80129,0.64633,1.3271,-1.4097,-0.032862,0.48447,1.7701,-0.43853,0.71951,0.4542,0.93366,-1.4628,-0.1355,0.35591,0.82014,-0.81822,-0.027161,0.43349,1.2196,-0.99042,0.12952,0.30535,0.74724,-0.76194,0.051262,0.27718,0.43597,-0.98208,-0.18337,0.32234,0.87953,-0.71368,0.19777,0.25212,0.73976,-0.60499,0.070871,0.67642,2.2308,-0.18337,0.31892
217.3,147.72,848.66,143.91,180.65,0.091512,0.22459,0.64516,1.5188,5.1434,-1.8999,2.4544,1.1762,2.6344,-2.3794,0.07891,0.78095,2.5886,-1.0743,0.75463,0.64376,1.6988,-1.3789,0.093787,0.46214,1.4746,-0.53046,0.6951,0.51582,0.96661,-1.5829,-0.27265,0.37061,1.08,-0.70462,0.033312,0.40218,0.95523,-0.96216,0.072698,0.3016,0.8815,-0.52235,0.09277,0.25204,0.54316,-0.8941,-0.25552,0.28267,1.0669,-0.56993,0.25205,0.18854,0.61343,-0.39936,0.098888,0.73362,2.4544,-0.27265,0.34153
182.17,24.419,244.63,139.04,180.39,0.070372,0.18002,1.1159,1.9805,5.8051,-3.4118,2.3307,0.96705,3.1422,-2.1357,0.62939,0.77613,3.0631,-1.0168,1.0525,0.61774,1.3275,-1.4188,0.023183,0.44675,1.8887,-0.49576,0.61115,0.41031,0.73534,-1.3242,-0.16073,0.39665,1.2333,-0.93289,0.046909,0.35517,0.74817,-1.135,-0.081778,0.26561,0.79381,-0.78891,0.021231,0.2818,0.3799,-1.029,-0.24167,0.25014,0.78043,-0.45567,0.123,0.20167,0.69533,-0.35996,0.16985,0.72252,2.3307,-0.24167,0.37698
180.15,31.168,496.41,133.39,168.92,0.14774,0.37766,0.65728,1.7823,4.3336,-3.7682,2.0054,0.86095,2.7426,-2.0479,0.72491,0.76519,2.9486,-1.1418,0.99571,0.66031,1.7517,-1.1965,0.34068,0.58197,2.2329,-0.50008,0.54497,0.50697,0.82366,-1.6153,-0.24556,0.38637,0.96847,-0.98592,0.01744,0.34249,0.86261,-0.90788,0.018201,0.29503,1.1261,-0.583,0.056668,0.27394,0.49422,-1.1402,-0.13644,0.19638,0.53022,-0.46481,0.097817,0.2075,0.54956,-0.48411,0.15308,0.62702,2.0054,-0.24556,0.38107
194.4,45.688,503.33,142.11,190.68,0.10024,0.26301,0.3871,1.9402,5.1664,-3.5576,1.8276,0.74389,2.9912,-0.82966,0.89558,0.89987,3.1498,-1.0642,1.2451,0.63714,1.5632,-1.8671,0.11493,0.42646,1.8749,-0.45931,0.51103,0.58999,1.048,-1.7648,-0.18797,0.36645,1.2204,-0.9004,0.1174,0.37443,0.76273,-1.1683,-0.14046,0.35943,0.82149,-0.98767,-0.083242,0.28289,0.47292,-0.85296,-0.17172,0.29728,1.1387,-0.37327,0.28576,0.17135,0.67325,-0.32149,0.13862,0.63574,1.8276,-0.18797,0.37939
162.94,18.666,213.05,132.2,159.56,0.11996,0.30758,0.33223,1.8058,5.8357,-2.6176,2.5315,1.1653,3.5377,-1.5584,0.54286,0.9307,3.0274,-1.5735,0.7193,0.64493,1.8765,-1.095,0.19819,0.41633,1.6157,-0.38532,0.71975,0.38567,0.67154,-1.6121,-0.3353,0.38057,1.4218,-0.88589,0.11473,0.40308,1.0964,-1.2414,0.0098717,0.3118,0.94552,-0.82458,0.09459,0.29261,0.58966,-1.0535,-0.1366,0.23979,0.8585,-0.45942,0.21501,0.20726,0.55752,-0.6406,0.0060657,0.74787,2.5315,-0.3353,0.39
170.6,18.452,248.91,79.978,168.64,0.11144,0.3224,0.65217,1.6163,5.4729,-2.5089,2.5771,1.1585,3.3499,-2.0165,0.39821,0.95616,3.3659,-1.4246,0.72756,0.70146,1.8909,-1.5116,0.18206,0.48668,2.25,-0.42302,0.8219,0.38718,0.64862,-1.4536,-0.30523,0.40738,1.2146,-0.70211,0.177,0.47099,1.4532,-1.467,0.001375,0.31311,0.98277,-0.86919,0.030492,0.26532,0.70798,-0.8813,-0.070027,0.24234,0.94765,-0.46555,0.2305,0.23488,0.49952,-0.80664,-0.047972,0.76067,2.5771,-0.30523,0.39358
163.2,33.13,516.7,83.984,156.71,0.079326,0.23811,0.52941,1.5461,5.3489,-2.5728,2.263,0.92457,3.1024,-3.0538,0.46745,0.84868,2.7672,-0.90978,1.1535,0.57282,1.4756,-1.1393,0.24464,0.42234,1.5752,-0.93509,0.51953,0.48586,0.96126,-1.3691,-0.14158,0.4216,1.338,-0.65827,0.17861,0.39501,0.97472,-1.046,0.0047081,0.30812,1.0606,-0.73103,0.076292,0.23006,0.79327,-0.80926,-0.081997,0.30655,0.93908,-0.62103,0.17867,0.20133,0.68021,-0.56268,0.053582,0.67992,2.263,-0.14158,0.4097
170.59,13.278,200.14,142.73,171.73,0.099157,0.2351,0.79365,1.3609,4.9975,-2.1047,2.4523,0.89934,3.221,-1.2067,0.74855,0.8105,2.9498,-0.99386,1.1833,0.6198,1.3101,-1.2938,0.16664,0.40942,1.8211,-0.2147,0.73771,0.43142,0.91738,-1.4281,-0.17102,0.45296,1.4223,-0.67264,0.22836,0.44445,0.67096,-1.5761,-0.15669,0.27219,0.7603,-0.70359,0.023122,0.29247,0.35951,-1.0927,-0.29089,0.25306,0.81813,-0.40806,0.19428,0.21516,0.59162,-0.53094,0.044765,0.77211,2.4523,-0.29089,0.43003
292.48,261.98,1083.3,77.675,123.28,0.074799,0.24877,0.23529,1.6375,4.3591,-2.8698,2.1578,0.77103,1.4511,-1.5565,0.07279,0.63807,2.7328,-0.54889,0.68099,0.45778,1.2199,-1.2544,0.10138,0.35455,2.0258,-0.043596,0.77417,0.4395,1.3338,-0.92275,-0.032242,0.45156,0.51355,-1.4085,-0.45922,0.2679,0.50274,-0.83909,-0.12374,0.34817,0.85855,-0.81846,-0.038777,0.27747,0.69459,-0.61995,-0.047552,0.29666,0.63046,-0.81376,-0.10057,0.26279,0.89492,-0.50484,0.22875,0.6854,2.1578,-0.45922,0.26781
208.75,158.11,614.12,78.403,141.51,0.070865,0.26698,0.44444,1.5327,4.8923,-1.0934,2.1236,0.63465,1.9221,-1.1985,0.20201,0.81917,2.9665,-0.56145,0.87222,0.72915,1.7502,-1.2229,0.24453,0.43351,1.6355,-0.26359,0.75767,0.3971,1.0256,-0.99779,-0.11405,0.47176,0.57179,-1.7256,-0.27278,0.4033,0.63503,-1.4414,-0.1742,0.33797,0.64033,-1.3566,-0.21199,0.36751,0.89392,-0.87806,0.063051,0.21979,0.64381,-0.61619,-0.023367,0.1867,0.72423,-0.36132,0.16265,0.67696,2.1236,-0.27278,0.30244
126.26,92.815,542.99,79.212,107.37,0.067268,0.20353,0.54054,1.6411,4.7179,-1.9683,2.4122,0.56241,1.4716,-1.294,0.26046,0.83479,3.0876,-0.92271,0.71131,0.6411,1.0867,-1.8057,-0.10564,0.37635,1.6361,-0.053235,0.84333,0.42308,0.99937,-0.89293,-0.0054891,0.47731,0.92994,-1.3061,-0.1838,0.3057,0.41594,-1.0191,-0.20079,0.32965,0.59712,-0.8446,-0.075612,0.26516,0.73423,-0.62019,0.053604,0.23926,0.38656,-0.74944,-0.17132,0.22446,0.79935,-0.21952,0.31955,0.74401,2.4122,-0.20079,0.32149
110.8,11.609,145.18,80.294,110.72,0.1278,0.29045,0.51151,1.8688,5.253,-2.5298,2.6511,0.8122,2.4984,-2.3983,0.1657,0.88393,3.2682,-1.477,0.76916,0.56137,1.3078,-1.402,-0.038124,0.37915,1.5437,-0.19591,0.82838,0.41599,1.1671,-1.0782,0.16993,0.50843,1.3147,-1.2662,0.023378,0.34979,0.69996,-1.0954,-0.28536,0.28602,0.4456,-1.0318,-0.2481,0.28596,0.59287,-0.72738,0.063972,0.23411,0.18458,-0.95136,-0.36331,0.17498,0.4708,-0.64711,0.0075496,0.82436,2.6511,-0.36331,0.31202
278.51,240.51,746.28,92.212,113.7,0.052231,0.17198,0.92486,1.9358,5.541,-3.5164,2.4493,0.80152,2.5113,-1.6788,0.13365,0.73591,3.0266,-0.95288,0.79495,0.67728,1.2902,-2.1233,-0.050721,0.34078,1.4234,-0.19941,0.69477,0.5173,1.15,-0.97278,-0.020558,0.47542,1.0516,-1.1963,-0.12591,0.33882,0.7238,-1.0395,-0.20012,0.35138,1.2753,-0.64516,0.15945,0.29834,0.81647,-0.7293,0.090807,0.29338,0.82267,-0.93863,-0.17429,0.24101,0.58743,-0.52553,0.063038,0.74139,2.4493,-0.20012,0.31787
242.65,192.33,675.81,79.377,122.13,0.050579,0.13535,0.84848,1.8564,5.4888,-2.4892,2.308,0.95193,3.4163,-1.9473,0.39234,0.89668,3.2433,-1.2425,0.79378,0.89357,1.8733,-2.1918,-0.089388,0.42096,1.8245,-0.049501,0.78087,0.43301,1.0551,-0.85221,0.24852,0.39512,0.87467,-1.008,0.018234,0.27283,0.70517,-0.66087,-0.07549,0.24005,0.62723,-0.8413,-0.035126,0.25207,0.63385,-0.50751,0.10498,0.3837,0.83568,-1.0022,-0.056794,0.21717,0.42107,-0.70431,-0.051054,0.69056,2.308,-0.089388,0.36157
127.6,85.887,592.67,86.024,107.4,0.082709,0.17798,0.75949,1.7851,5.3607,-3.1991,2.8932,0.79535,2.8322,-1.3644,0.58547,0.73122,2.9022,-0.76324,0.73045,0.65563,1.4818,-1.4397,0.053545,0.35766,2.1416,-0.11494,0.73056,0.43152,1.308,-0.89913,0.22567,0.47144,1.2326,-1.1993,-0.037862,0.33964,0.55047,-1.0645,-0.20314,0.37098,1.2499,-0.56993,0.26704,0.20187,0.8543,-0.51122,0.1544,0.27919,0.51481,-0.91014,-0.18396,0.19023,0.40445,-0.47038,-2.5257e-05,0.8388,2.8932,-0.20314,0.43461
122.82,60.23,411.23,93.43,109.85,0.09114,0.2482,0.53452,2.1553,6.238,-2.9096,2.6439,0.91899,2.8232,-1.4151,0.38667,0.82736,3.3725,-0.66266,0.90509,0.58675,1.2799,-1.8586,0.096269,0.37596,1.4865,-0.26496,0.58476,0.4163,1.2676,-0.7207,0.13421,0.44433,0.97669,-1.1342,-0.15798,0.29179,0.6129,-0.9628,-0.16629,0.29614,0.96767,-0.83658,0.070129,0.28228,0.85881,-0.82465,0.052935,0.31333,0.44804,-1.1152,-0.20308,0.22631,0.45036,-0.77546,-0.12828,0.79563,2.6439,-0.20308,0.35153
133.93,42.341,370.85,89.46,129.67,0.11749,0.27183,0.64103,2.0543,5.3267,-3.1946,2.3121,0.81418,2.9269,-1.4933,0.49701,0.81263,3.0798,-0.96319,1.3113,0.5482,1.3915,-1.4618,0.24759,0.30057,1.6297,-0.17166,0.50192,0.45811,1.1068,-0.84035,0.13816,0.42881,1.0663,-1.3467,0.15575,0.27786,0.80317,-0.53293,0.10523,0.34434,0.48539,-1.2668,-0.20078,0.33296,0.82599,-1.0569,-0.046973,0.34902,0.53758,-1.1228,-0.19306,0.23385,0.73599,-0.61849,-0.052016,0.72998,2.3121,-0.20078,0.39802
114.23,10.039,134.28,96.78,113.02,0.059104,0.15311,0.77922,2.1626,5.5809,-4.2045,2.4866,1.0688,3.4711,-1.6426,0.38894,0.99342,3.4659,-1.4541,0.74225,0.78838,1.5739,-2.0712,-0.34286,0.39711,1.5396,-0.27298,0.6565,0.44259,1.2093,-0.83261,0.10177,0.50935,1.1634,-1.5417,-0.014681,0.30049,1.1717,-0.69796,0.043359,0.40896,1.0025,-1.0943,-0.090601,0.29639,1.0534,-0.64349,0.088595,0.34679,0.82218,-1.1626,-0.15764,0.21488,0.65765,-0.56545,-0.017103,0.75255,2.4866,-0.34286,0.32376
149.88,116.35,615.08,86.94,111.9,0.063385,0.16765,0.48257,1.9565,5.9454,-3.5205,2.976,0.88635,2.9332,-2.2138,0.25297,0.8901,2.9256,-1.295,0.68008,0.85192,1.517,-2.7462,-0.24776,0.4353,2.1075,-0.44313,0.71508,0.50589,1.4522,-1.2804,0.19465,0.40285,0.97553,-0.83035,0.015712,0.28497,0.82117,-0.7325,0.030526,0.36418,0.8534,-1.0043,-0.071245,0.28798,0.87101,-0.70124,0.098124,0.3098,0.60821,-1.0284,-0.17968,0.21894,0.92196,-0.51727,-0.021316,0.87372,2.976,-0.24776,0.37026
134.28,64.195,381.62,86.517,116.48,0.10419,0.26579,0.5698,1.6537,5.4365,-2.384,2.6243,0.86484,3.1973,-1.9561,0.021193,0.97792,3.4326,-0.98435,1.3133,0.59461,1.3972,-1.34,0.17142,0.38463,1.8279,-0.091771,0.71818,0.45529,1.1609,-1.0273,0.11284,0.4816,1.2664,-1.3127,0.063693,0.33358,0.63984,-0.88455,-0.12283,0.37366,0.81724,-0.9668,-0.11428,0.29182,0.87676,-0.72794,0.17049,0.30637,0.35311,-1.2491,-0.34007,0.25362,0.62282,-0.84761,-0.043808,0.83149,2.6243,-0.34007,0.3812
117.08,12.251,136.48,87.442,119.4,0.09488,0.22819,0.50955,1.5773,5.6959,-1.9346,2.6218,0.89434,3.0803,-1.7307,0.45918,0.8092,3.0932,-0.75976,1.1833,0.60349,1.5476,-2.2197,0.10532,0.3786,1.5514,-0.31225,0.68335,0.49638,1.134,-0.91241,0.24199,0.42432,1.1753,-1.0452,0.14454,0.31393,0.68626,-0.80788,-0.071863,0.34884,0.79562,-0.95408,-0.030693,0.22673,0.73789,-0.45324,0.10757,0.29349,0.47655,-0.99409,-0.24082,0.243,0.52531,-0.64597,-0.083915,0.79434,2.6218,-0.24082,0.42665
350.82,237.87,714.17,108.14,171.54,0.060685,0.18953,0.70588,1.7398,5.2021,-2.8907,2.342,0.85757,2.0071,-1.9158,-0.21401,0.82452,3.5345,-0.26284,1.0052,0.43849,1.3985,-0.95462,-0.051801,0.38914,1.2278,-0.60348,0.29795,0.54446,1.4952,-1.1006,0.017628,0.45207,0.65383,-1.4008,-0.39282,0.29465,0.69303,-0.79972,-0.032304,0.40165,0.75985,-1.1287,-0.018958,0.38871,0.83725,-0.8015,0.010623,0.29196,0.90778,-1.0837,-0.21058,0.25649,0.8362,-0.33049,0.17902,0.74766,2.342,-0.39282,0.24433
258.16,191.82,661.3,76.178,149.06,0.087187,0.26044,0.369,1.659,4.5018,-2.9896,2.1986,0.8637,3.2037,-1.2837,0.19545,1.1255,3.5254,-0.99672,1.0516,0.58982,1.4638,-1.7193,-0.056704,0.34825,1.5397,-0.30234,0.45115,0.4307,1.2179,-0.67978,0.23559,0.47711,0.54393,-1.4677,-0.24112,0.26214,0.47476,-0.58958,-0.041904,0.34753,0.45833,-0.92067,-0.16926,0.43437,1.2491,-0.8527,0.00081251,0.33365,0.71067,-1.0982,-0.16285,0.29039,0.85852,-0.75123,0.12327,0.6941,2.1986,-0.24112,0.29872
220.15,141.61,591.32,104.05,149.85,0.064682,0.19099,0.61017,1.951,5.3464,-2.5725,2.4538,0.90555,2.5261,-2.0869,0.062835,0.90571,3.3274,-1.0785,1.0747,0.5964,1.4037,-2.1004,-0.050897,0.36729,1.3336,-0.72417,0.24609,0.49021,1.8335,-0.89514,0.15347,0.43499,0.68162,-1.5188,-0.47789,0.31631,1.2039,-0.57681,0.13783,0.32328,0.70248,-0.879,-0.038564,0.31621,0.91125,-0.97919,-0.095963,0.25827,0.4843,-0.78746,-0.15354,0.27315,0.61692,-0.75846,-0.04512,0.77817,2.4538,-0.47789,0.27223
166.46,31.384,433.98,125.99,162.67,0.070912,0.18568,0.49689,1.7273,4.718,-4.1768,2.3026,1.0609,2.6267,-2.2629,0.26313,1.0228,3.7937,-1.1198,0.85068,0.5406,1.0843,-1.5474,-0.20377,0.45916,1.539,-0.62309,0.31967,0.53253,1.7238,-1.214,0.26812,0.53091,0.55912,-1.4971,-0.46073,0.35971,0.97594,-1.0547,0.0025019,0.35184,0.84105,-1.1713,-0.06278,0.39003,0.88228,-0.8978,-0.027049,0.22211,0.53888,-0.78413,-0.12112,0.2964,0.82364,-0.66133,0.064413,0.71955,2.3026,-0.46073,0.26631
215.39,58.334,534.27,145.68,216.1,0.12183,0.31807,0.28037,1.8986,4.7501,-3.7143,2.1641,0.92258,2.3371,-1.6946,0.49775,0.69579,2.4152,-1.0579,0.58804,0.5623,1.5118,-1.5132,0.092119,0.47571,1.6438,-0.30276,0.54448,0.48919,0.91472,-1.2016,-0.10274,0.35561,0.93233,-0.96302,-0.011882,0.37501,0.578,-1.3799,-0.17788,0.348,0.83588,-0.63875,0.21023,0.27983,0.77123,-0.60836,-0.049985,0.24996,0.64386,-0.73346,-0.032939,0.28021,0.98516,-0.41274,0.23397,0.63412,2.1641,-0.17788,0.32961
198.33,50.664,302.87,86.861,199.66,0.10007,0.28793,0.34335,1.4541,4.2686,-2.3283,2.0658,0.89348,2.5562,-1.6398,0.51935,1.0359,2.9162,-1.3421,0.86633,0.66112,1.6239,-1.1508,0.22611,0.49016,1.9892,-0.57158,0.47078,0.34786,0.83581,-1.1136,0.059642,0.29861,0.71187,-0.70802,0.078573,0.3425,0.2354,-1.3072,-0.37605,0.33995,0.86801,-0.5146,0.11238,0.25642,0.42752,-0.63956,-0.071384,0.30867,0.58951,-0.81788,-0.14322,0.2725,0.84346,-0.36788,0.2408,0.63544,2.0658,-0.37605,0.33742
201.42,18.297,248.47,173.64,194.98,0.059576,0.16721,0.45872,1.9417,6.1828,-3.5698,2.0669,0.78523,2.9856,-1.8062,0.85596,0.75847,2.8097,-0.61329,1.0013,0.52266,1.5999,-1.3368,0.1606,0.39599,1.7437,-0.5429,0.49069,0.45464,1.1794,-1.0632,0.0061121,0.29499,1.1983,-0.78813,0.04542,0.29035,0.5871,-0.97557,-0.1645,0.32423,0.9584,-0.73643,0.095332,0.24669,0.73822,-0.61283,-0.049029,0.23274,0.54317,-0.78067,-0.042653,0.29608,1.1699,-0.49164,0.25151,0.64137,2.0669,-0.1645,0.39313
190.31,38.555,282.65,133.14,184.33,0.1207,0.31834,0.33557,1.7562,4.3802,-2.8586,2.2604,0.62599,2.6138,-0.55061,1.0057,0.72479,2.4025,-1.2265,0.96357,0.53345,1.5708,-0.70672,0.37585,0.37473,1.3852,-0.29263,0.44543,0.54612,1.2806,-1.0382,0.079377,0.34128,0.7749,-0.71012,0.0040193,0.29114,0.74412,-0.86343,-0.18719,0.2964,0.91317,-0.6719,0.17934,0.26121,0.45857,-0.65342,-0.0974,0.26153,0.38872,-0.88011,-0.16655,0.24297,0.95638,-0.27513,0.25509,0.6995,2.2604,-0.18719,0.42647
180.65,23.08,230.64,132.2,176.02,0.13067,0.35337,0.44586,1.8764,5.4247,-3.4399,1.8177,0.58138,2.3675,-0.66288,1.0342,0.84009,2.6502,-1.5678,1.0261,0.55599,1.4175,-1.1093,0.3004,0.34385,1.4087,-0.36935,0.43238,0.41716,1.1592,-0.85162,0.12985,0.29433,1.0279,-0.67073,0.17387,0.31709,0.48408,-1.2554,-0.31247,0.38905,1.0627,-0.93406,0.11121,0.25848,0.56885,-0.83129,-0.048414,0.25927,0.59241,-0.87141,-0.14812,0.27588,1.0101,-0.30239,0.27865,0.60651,1.8177,-0.31247,0.39962
188.25,27.99,237.75,128.88,190.87,0.1258,0.29952,0.61069,1.4977,4.7975,-2.1615,2.3809,0.81806,2.9901,-1.6513,0.6886,0.87199,2.5314,-1.5237,0.63513,0.51262,1.5496,-0.91232,0.34947,0.45003,1.7005,-0.35822,0.54272,0.47698,1.1653,-1.1356,-0.00062233,0.33909,0.72595,-1.0538,0.065835,0.31991,0.76143,-1.2174,-0.26144,0.3553,0.99916,-0.56738,0.20044,0.22779,0.48249,-0.62748,-0.10216,0.25652,0.52547,-0.79947,-0.074563,0.26995,1.081,-0.54888,0.30193,0.69553,2.3809,-0.26144,0.39385
196.65,26.278,261.12,77.746,197.84,0.13144,0.36664,0.28674,1.377,4.5231,-2.0023,2.5843,0.9284,3.1227,-1.9028,0.67116,0.78835,2.4099,-1.228,0.6553,0.56019,1.5259,-1.1862,0.23497,0.48605,1.9033,-0.35893,0.70346,0.46259,1.1535,-1.24,-0.025854,0.35261,0.91605,-1.1872,0.10443,0.31433,0.58508,-1.0253,-0.15841,0.3925,1.1944,-0.92517,0.22819,0.2837,0.70103,-0.98003,-0.088082,0.25041,0.73359,-0.79709,-0.029916,0.24839,0.82133,-0.65033,0.24304,0.74335,2.5843,-0.15841,0.42688
202.83,33.713,257.33,131.43,207.07,0.1033,0.27941,0.41284,1.2935,4.6821,-1.706,2.2917,0.68078,2.3213,-0.91363,0.65513,0.81775,3.1083,-0.86432,1.1028,0.43598,1.2267,-1.0215,0.3081,0.36826,1.5191,-0.55031,0.39428,0.49513,1.1984,-1.1128,0.073584,0.30634,0.74366,-0.82872,0.081212,0.33728,0.819,-1.1921,-0.23121,0.3312,1.0689,-0.60406,0.23238,0.24305,0.45822,-0.82808,-0.1175,0.27115,0.61145,-0.65344,-0.070899,0.29018,1.0497,-0.3668,0.30638,0.69247,2.2917,-0.23121,0.41883
193.4,42.574,292.33,129.56,193.82,0.11773,0.28374,0.32609,1.271,4.8655,-1.4075,2.5633,0.68261,2.5939,-0.66886,0.8299,0.83678,3.0952,-1.0665,1.0888,0.54284,1.7502,-0.85122,0.25231,0.32605,1.4578,-0.27877,0.48624,0.49573,1.3421,-1.3008,0.06047,0.31754,0.77582,-0.8762,0.10637,0.37525,0.50631,-1.5809,-0.29504,0.29779,1.0871,-0.61285,0.10019,0.27519,0.52839,-0.90896,-0.097666,0.32981,0.61805,-0.93034,-0.18103,0.28897,1.2011,-0.43843,0.33922,0.7813,2.5633,-0.29504,0.43776
192.6,105.75,556.67,83.813,163.47,0.068301,0.2174,0.32922,1.7575,4.9498,-3.0507,2.4304,0.72642,2.814,-0.81145,0.6943,0.83601,2.3266,-1.0911,0.3017,0.4493,1.0423,-0.98463,0.15415,0.37444,1.4362,-0.40147,0.44875,0.42142,0.99176,-1.0381,-0.1543,0.32722,0.57098,-1.4199,-0.17285,0.31327,0.42327,-0.93912,-0.25337,0.26689,0.8408,-0.34806,0.17755,0.30008,0.62979,-0.66238,-0.10089,0.23419,0.57268,-0.6402,-0.083167,0.22578,0.68352,-0.55671,0.15239,0.72726,2.4304,-0.25337,0.29956
197.49,12.787,215.71,173.5,199.91,0.071342,0.26144,0.26316,1.3614,4.5158,-1.5244,2.2908,0.8338,2.861,-0.83953,0.64713,0.87577,2.3743,-1.6249,0.53163,0.55123,1.6718,-0.92811,0.44218,0.34376,1.3985,-0.37749,0.3359,0.3757,0.88934,-0.76859,0.077001,0.29851,0.66591,-0.63815,0.003266,0.29365,0.71065,-0.89119,-0.19173,0.24197,0.7705,-0.47365,0.046348,0.29033,0.53619,-0.7859,-0.1131,0.31085,0.39232,-1.1519,-0.11968,0.2136,0.72607,-0.41201,0.14788,0.67096,2.2908,-0.19173,0.34147
175.28,39.282,434.05,140.66,169.57,0.091951,0.24666,0.77844,1.7951,5.8559,-3.0563,2.2225,0.80715,2.8892,-1.2544,0.75095,0.75757,2.5894,-0.79672,0.76837,0.58358,2.0064,-1.5191,0.24391,0.36309,1.5793,-0.51456,0.42065,0.4029,0.94899,-1.2781,-0.14149,0.28657,0.81811,-0.7815,-0.028485,0.29264,0.47746,-1.1667,-0.25439,0.30829,0.84629,-0.56938,0.028793,0.25606,0.53445,-0.88659,-0.2069,0.21592,0.53039,-0.76352,-0.059887,0.22787,0.75119,-0.43737,0.13744,0.6893,2.2225,-0.25439,0.32346
158.55,15.189,204.34,94.125,159.2,0.10287,0.28562,0.40678,1.7022,5.221,-3.3024,2.239,0.82288,3.3897,-0.87364,1.0467,0.72914,2.7198,-1.3257,0.65744,0.53872,1.6238,-1.1087,0.33436,0.47409,1.7522,-0.80941,0.26318,0.35634,1.1671,-1.0661,0.026683,0.3163,0.647,-0.77943,-0.078462,0.32795,0.58256,-1.0058,-0.055348,0.34805,0.96598,-0.90865,0.107,0.30286,0.30472,-1.1096,-0.31053,0.23386,0.66146,-0.52119,-0.003793,0.18759,0.48355,-0.41142,0.03107,0.69612,2.239,-0.31053,0.35478
180.16,28.011,235.71,137.8,175.01,0.12044,0.35544,0.47244,1.8864,5.5655,-3.5619,2.0628,0.62178,2.7306,-0.60895,0.97452,0.90969,3.1936,-1.2801,1.0696,0.51992,1.5503,-1.2792,0.19311,0.30849,1.2523,-0.3866,0.42424,0.37772,0.87434,-1.0873,-0.042999,0.32614,0.89344,-0.72693,0.06712,0.35864,0.62959,-1.0231,-0.26463,0.2871,0.98734,-0.74565,-0.031236,0.25985,0.53505,-0.88482,-0.20102,0.27449,0.6133,-0.78399,-0.034416,0.21542,0.73649,-0.53302,0.22259,0.68039,2.0628,-0.26463,0.36998
179.9,25.33,224.67,134.39,173.76,0.092282,0.26902,0.25,1.5047,5.8636,-1.7722,2.6703,0.85421,3.1197,-1.0608,1.0035,0.98714,2.7618,-2.1223,0.46893,0.60674,1.7697,-1.4798,0.22506,0.42027,1.4589,-0.69069,0.43816,0.40396,1.2121,-0.87446,-0.03882,0.3614,0.91803,-1.0855,-0.099683,0.3116,0.48902,-1.3154,-0.29745,0.38214,1.3485,-0.63463,0.20718,0.21262,0.27006,-0.84456,-0.25272,0.23942,0.46681,-0.77523,-0.10162,0.22665,0.90217,-0.42173,0.155,0.81151,2.6703,-0.29745,0.36482
182.12,24.263,232.99,152.97,168.55,0.11858,0.28776,0.56338,1.2477,4.8735,-1.5304,2.4744,0.72695,3.0834,-0.69858,0.88112,0.78988,2.7555,-1.4447,1.129,0.55214,1.8194,-0.97752,0.2843,0.32218,1.1315,-0.35495,0.37729,0.40705,0.8944,-1.1736,0.015466,0.31298,1.2566,-0.66758,0.096186,0.3323,0.38973,-1.1144,-0.30431,0.32665,1.0817,-0.70097,0.04416,0.26735,0.42002,-0.94981,-0.27712,0.25099,0.52081,-0.9347,-0.13469,0.20306,0.73945,-0.31842,0.18389,0.78242,2.4744,-0.30431,0.39748
310.15,266.36,730.9,81.8,121.6,0.06765,0.19118,0.51118,1.6737,4.6516,-2.5386,1.93,0.69746,2.1166,-2.0183,-0.099951,0.90157,3.605,-0.58377,0.85181,0.51795,1.6955,-1.2669,0.022077,0.42089,1.4288,-0.30771,0.50834,0.44141,1.1699,-1.0503,0.076482,0.42482,0.81075,-1.2135,-0.16029,0.31183,1.0216,-0.63894,-0.096411,0.38023,1.0449,-0.98378,0.018097,0.30883,0.74789,-0.99068,0.084288,0.35105,0.77418,-0.90303,-0.13321,0.21933,0.8139,-0.58583,0.1364,0.60179,1.93,-0.16029,0.26147
282.81,222.13,693.52,78.363,100.59,0.048546,0.14344,0.66986,1.3535,4.7551,-2.3929,1.5358,0.63547,2.4199,-0.84254,0.30693,1.0931,3.7348,-1.3909,0.94047,0.65135,1.731,-1.6427,0.18478,0.43663,1.5201,-0.36083,0.50744,0.4083,0.88912,-0.92059,0.16763,0.36346,0.7705,-1.0308,-0.066577,0.27971,0.37978,-0.77901,-0.13741,0.28077,0.8934,-0.68277,1.1623e-05,0.28579,0.67597,-0.65464,-0.031273,0.34485,0.73365,-1.0999,-0.11779,0.17814,0.49234,-0.30961,0.096841,0.49989,1.5358,-0.13741,0.28224
352.2,316.24,990.44,76.9,116.72,0.065111,0.17919,0.625,1.698,4.7632,-2.6034,2.0339,0.92719,2.6851,-2.2814,0.013644,0.95773,3.2013,-0.94464,0.76744,0.56645,1.3284,-1.3438,-0.087312,0.36569,1.2778,-0.34439,0.43928,0.43152,1.6292,-0.6738,0.25033,0.40844,0.69647,-0.97129,-0.048012,0.24939,0.60686,-0.73571,-0.20576,0.37898,1.3251,-0.56325,0.22747,0.30009,0.74682,-0.80344,0.04917,0.35797,0.64328,-0.97837,-0.073598,0.22615,0.69747,-0.30256,0.1148,0.61026,2.0339,-0.20576,0.29011
202.72,175.86,647.96,77.743,116.85,0.055614,0.16417,0.74627,2.0154,5.5822,-3.4836,1.7419,0.86691,2.3926,-1.8803,0.36857,0.98155,3.8177,-0.88662,1.1553,0.53337,1.5125,-1.3985,0.025129,0.36818,1.4574,-0.52897,0.50509,0.43705,1.3313,-1.1726,0.17961,0.39872,0.7897,-0.98272,-0.15002,0.30146,0.73003,-0.84492,-0.10086,0.3147,0.73649,-0.91746,-0.025521,0.23236,0.71819,-0.70284,0.034369,0.31557,0.55228,-1.0845,-0.22617,0.23371,0.94283,-0.70692,0.12901,0.58721,1.7419,-0.22617,0.30303
129.79,86.621,544,76.061,111.76,0.11161,0.28436,0.49383,1.8026,4.7511,-2.8966,1.8052,0.9446,3.2698,-2.0129,0.42884,0.87129,3.4933,-1.1998,1.1978,0.5999,1.543,-1.0859,0.28624,0.37767,1.3844,-0.2331,0.58169,0.44921,1.3234,-0.83837,0.25202,0.49554,1.0457,-1.0168,-0.057366,0.29838,0.62724,-0.76126,-0.16406,0.39614,0.7711,-1.3279,0.034067,0.22764,0.7293,-0.48195,0.036792,0.29298,0.37478,-0.95939,-0.25156,0.25433,0.94607,-0.26829,0.21494,0.59666,1.8052,-0.25156,0.36372
196.78,130.58,552,76.861,137.73,0.077747,0.20606,0.56426,1.7897,4.0394,-3.6265,1.3214,0.54529,1.9491,-0.97405,0.29035,1.083,3.786,-1.0657,1.3769,0.52914,1.4918,-1.4807,0.23339,0.32812,1.3654,-0.48698,0.48974,0.38674,1.2062,-0.7358,0.17494,0.41183,0.80922,-1.2838,-0.094628,0.29621,0.72977,-0.74149,-0.030743,0.41411,1.025,-1.3305,-0.1438,0.23916,0.67527,-0.51956,0.027329,0.35072,0.33786,-1.3082,-0.31946,0.21528,0.91429,-0.28709,0.18619,0.53864,1.3769,-0.31946,0.29263
116.27,9.267,129.62,94.066,120.04,0.061757,0.17595,0.4,1.631,4.8151,-3.1285,2.0265,0.8573,2.645,-1.1613,0.2991,1.0638,3.7805,-1.2472,0.79379,0.68227,1.8564,-1.7783,0.019465,0.39143,1.5313,-0.37498,0.56904,0.39264,1.1217,-0.92363,0.1677,0.41299,0.9235,-1.2762,-0.021464,0.29913,0.57282,-1.137,-0.18804,0.39022,1.0819,-1.1574,0.05407,0.27355,0.86665,-0.60606,0.090443,0.31273,0.47777,-1.1954,-0.16785,0.19739,0.79825,-0.30286,0.16864,0.60839,2.0265,-0.18804,0.31762
217.58,216.15,831.5,77.398,113.74,0.07893,0.20627,0.375,1.7248,4.8372,-3.4795,2.2723,0.89456,3.3194,-1.1698,0.36103,0.94146,3.0459,-0.99723,0.70471,0.66703,1.7246,-1.8542,-0.099697,0.44719,2.1969,-0.21529,0.65454,0.36564,1.2416,-0.74713,0.25705,0.36027,0.9525,-0.92213,0.011326,0.34492,0.57411,-1.2713,-0.24367,0.32167,0.89298,-0.72572,0.075519,0.27715,0.85345,-0.60349,0.072329,0.33083,0.99245,-0.97514,-0.098741,0.27649,1.0068,-0.86676,0.15564,0.67305,2.2723,-0.24367,0.34353
150.46,133.86,546.34,76.915,96.357,0.057276,0.1753,0.33573,1.5872,4.641,-2.8768,1.9601,0.84056,2.3185,-1.9588,0.030329,1.0372,3.9362,-1.2299,1.37,0.52039,1.6605,-0.80022,0.24303,0.36119,1.5417,-0.37983,0.54084,0.4172,0.92842,-0.89785,0.093338,0.42432,1.0046,-0.97255,0.049996,0.35012,0.49202,-1.1859,-0.22361,0.35559,0.85339,-0.91992,0.030164,0.25838,0.77882,-0.73119,0.00884,0.28036,0.40949,-1.1478,-0.19195,0.19025,0.70216,-0.25507,0.16158,0.66157,1.9601,-0.22361,0.33939
99.829,13.013,135.99,77.99,100.13,0.11209,0.23313,0.60377,1.3814,4.205,-2.5439,2.0379,0.77546,2.8136,-1.9532,0.29702,0.91391,4.0748,-0.85417,1.4198,0.53788,1.6391,-1.4037,0.21499,0.41901,1.5537,-0.5367,0.57018,0.35412,1.2076,-0.64838,0.22418,0.39753,1.1349,-0.75043,0.11449,0.35956,0.82435,-1.0517,-0.034307,0.32627,0.78045,-1.0242,0.014944,0.28565,0.7323,-0.7373,0.06219,0.24459,0.25723,-0.90673,-0.27244,0.20901,0.79221,-0.25473,0.19072,0.66439,2.0379,-0.27244,0.4033
125.84,81.853,486.29,76.256,106.53,0.094276,0.21048,0.72993,1.1763,4.0838,-1.6272,2.0491,0.71909,2.4724,-1.2233,0.28672,0.88051,3.9738,-0.74366,1.505,0.56859,2.0721,-1.3446,0.20924,0.43443,1.619,-0.397,0.60003,0.37228,1.3281,-0.56636,0.18288,0.43938,1.0811,-1.0107,0.018875,0.32832,0.75142,-0.83427,-0.073466,0.39176,0.80196,-0.98295,-0.052103,0.25709,0.77872,-0.566,0.10152,0.26449,0.23285,-1.0835,-0.28724,0.2061,0.81226,-0.31166,0.19493,0.69111,2.0491,-0.28724,0.39463
198.15,32.495,249.06,130.48,191.06,0.070404,0.23732,0.13652,1.6928,4.1956,-3.4998,1.5193,0.91727,2.0527,-1.6667,0.19276,0.98106,3.5306,-1.2794,0.79717,0.45182,1.0404,-0.97194,-0.024235,0.49611,1.7582,-0.62068,0.60458,0.50723,0.9799,-1.6732,-0.26372,0.40519,1.1132,-0.87163,0.0064513,0.39259,0.50767,-1.4811,-0.22761,0.45539,1.4777,-0.76886,0.32646,0.2918,0.54603,-0.70176,-0.07367,0.24968,0.5978,-0.78171,-0.00052745,0.2541,0.71178,-0.67531,0.10183,0.51001,1.5193,-0.26372,0.24656
212.93,34.134,263.17,143.06,216.87,0.075426,0.25345,0.56872,1.0788,3.8545,-2.102,1.6232,0.74713,1.866,-1.6124,0.3429,1.0419,3.3531,-0.86147,1.1255,0.64255,1.52,-1.4213,0.2289,0.45566,1.4093,-0.49979,0.39574,0.40632,0.73722,-0.97694,-0.098497,0.39177,1.0584,-0.81799,0.03083,0.39383,0.56072,-1.1242,-0.16105,0.3417,1.1276,-0.73689,0.27328,0.17242,0.40948,-0.50383,-0.10016,0.39216,0.58744,-1.2486,-0.08819,0.23169,0.75216,-0.30495,0.19728,0.54036,1.6232,-0.16105,0.31414
199.42,28.618,242.99,145.17,194.42,0.098736,0.22905,0.54299,1.2973,3.928,-2.253,1.7323,1.0142,2.4486,-1.9683,0.28301,0.89397,3.3153,-0.90129,0.98309,0.50185,1.594,-0.82009,0.090719,0.3936,1.3755,-0.39427,0.41776,0.46679,1.0969,-1.1793,-0.098054,0.39406,1.193,-0.79861,0.020553,0.34117,0.64902,-0.83681,-0.056305,0.30295,1.256,-0.35597,0.39827,0.26977,0.45881,-0.84398,-0.15452,0.2447,0.86776,-0.66746,0.0030045,0.27986,1.0948,-0.36156,0.31011,0.54229,1.7323,-0.15452,0.32749
212.4,34.673,275.31,151.24,212.99,0.166,0.40614,0.37453,1.6216,3.5796,-3.9332,1.2684,0.68375,2.1232,-1.215,0.654,0.6569,3.2793,-0.58593,1.0722,0.45013,1.4313,-0.64549,0.3619,0.45417,1.692,-0.4711,0.42276,0.35115,0.99338,-1.1292,-0.00042969,0.51892,1.1525,-1.0911,-0.017645,0.35022,0.79423,-1.0147,0.042461,0.36419,1.0186,-1.031,0.29756,0.34515,0.5697,-1.0037,-0.15328,0.24041,0.58918,-0.77811,-0.014069,0.26319,0.88187,-0.37523,0.29304,0.44794,1.2684,-0.15328,0.35224
194.23,33.539,420.6,136.32,190.1,0.098325,0.26346,0.43912,1.5811,4.3531,-2.7307,1.9444,0.9187,2.5787,-1.4994,0.38906,0.82447,2.7992,-1.2499,0.67111,0.62994,1.8413,-1.5573,0.10511,0.46123,2.2524,-0.95084,0.59773,0.42103,0.85331,-1.277,-0.086871,0.40775,1.1286,-0.90738,-0.096825,0.32642,0.65101,-1.1316,-0.092337,0.33683,1.0178,-0.62442,0.28201,0.24647,0.52312,-0.94382,-0.0019032,0.28297,0.72375,-0.90449,-0.053067,0.28931,1.3932,-0.57158,0.17671,0.57716,1.9444,-0.096825,0.3196
