259.68,51.729,586.5,220.19,249.58,0.067764,0.2291,0.42328,1.4928,3.9543,-2.3872,1.3869,0.81778,2.1381,-1.6483,0.19467,0.82607,2.6837,-1.9246,0.39839,0.41312,1.3692,-1.0552,0.33712,0.38814,1.3694,-0.53608,0.26799,0.48832,1.4933,-0.80944,0.12861,0.34727,1.2697,-0.6951,0.098855,0.31662,0.68595,-0.98054,-0.054944,0.35532,1.0688,-0.51143,0.19119,0.25161,0.53373,-0.77402,0.0018259,0.23932,0.62612,-0.7541,-0.0065835,0.21087,0.86859,-0.22175,0.24845,0.37947,1.3869,-0.054944,0.26604
244.59,30.969,299.64,193.62,241.91,0.0686,0.19837,0.4119,1.6862,4.4644,-3.3364,1.3215,0.62139,2.1903,-1.2541,0.43096,0.83462,2.4589,-1.2984,0.66269,0.64793,1.5016,-1.8758,0.26077,0.4374,1.4609,-0.72161,0.22787,0.46602,1.2513,-1.0157,0.098224,0.41086,1.2485,-0.84817,0.052429,0.27512,0.67563,-0.8431,-0.12175,0.3185,1.066,-0.53153,0.11148,0.29085,0.9344,-1.1939,-0.10022,0.21939,0.73639,-0.45342,0.069554,0.22043,0.74344,-0.50414,0.054524,0.40048,1.3215,-0.12175,0.25567
213.03,24.94,267.54,166.05,213.89,0.094088,0.22657,0.5,1.5461,4.9758,-2.0052,1.5986,0.98991,3.0212,-1.38,0.4067,0.84066,2.3945,-1.9338,0.33575,0.54203,1.6167,-1.4512,0.24763,0.41205,1.3977,-1.0734,0.3075,0.46589,1.1552,-0.93935,0.07637,0.37853,0.91476,-0.8794,-0.057337,0.33229,0.96134,-0.7305,-0.024057,0.35393,1.013,-1.2705,0.13585,0.26561,0.61721,-0.7935,-0.094482,0.21842,0.65364,-0.52075,0.022588,0.27185,0.86325,-0.71341,0.12929,0.45236,1.5986,-0.094482,0.25703
250.25,28.895,321.78,183.97,246.38,0.049377,0.1772,0.52632,1.3072,4.182,-2.4555,1.1914,0.66632,2.0279,-1.6429,0.34853,0.78266,2.6851,-1.1462,0.66527,0.38846,1.6438,-1.0135,0.34752,0.42288,1.4158,-0.82814,0.24888,0.54514,1.2654,-1.8025,0.046437,0.41624,1.5741,-1.0325,0.15285,0.34445,0.6553,-0.93273,-0.082318,0.31999,1.1051,-0.77896,0.073398,0.28943,0.74465,-0.83631,-0.02456,0.24751,0.5853,-0.73252,0.0084236,0.23757,1.0036,-0.39627,0.18772,0.35749,1.1914,-0.082318,0.26363
269.87,44.998,671.47,193.75,263.66,0.088599,0.24499,0.44444,1.5952,5.0233,-2.7074,1.7098,0.97855,2.1317,-1.9035,0.18205,0.89619,2.4325,-1.8972,0.32129,0.53361,1.8391,-0.8223,0.44391,0.50139,1.4629,-1.0384,0.26253,0.62907,1.3346,-1.5715,-0.19829,0.32273,1.0848,-0.61542,0.22986,0.30377,0.45756,-0.96662,-0.20732,0.30689,1.2169,-0.5631,0.22544,0.33192,0.75451,-0.92247,-0.018936,0.32124,0.71798,-0.77443,0.071841,0.28753,1.0468,-0.36263,0.38329,0.49522,1.7098,-0.20732,0.28379
285.47,41.819,607.59,230.97,286.99,0.079348,0.29412,0.51948,1.3903,4.0882,-1.8727,1.7084,0.76976,1.9541,-1.661,0.22575,0.86136,2.4138,-1.4638,0.68038,0.69844,1.8044,-1.3964,0.11363,0.46854,1.454,-0.94663,0.26495,0.51656,1.1919,-1.1767,0.10387,0.26937,0.80246,-0.56853,0.21793,0.28369,0.69068,-0.88065,-0.061618,0.35747,1.0806,-0.76523,0.045994,0.29173,0.64024,-0.64839,-0.0053612,0.3086,0.68141,-0.74227,-0.0020243,0.26806,1.1371,-0.3136,0.34347,0.48583,1.7084,-0.061618,0.30294
278.83,58.316,417.56,195.37,264.5,0.041974,0.19186,0.30075,1.2535,3.4757,-2.2402,0.97603,0.75723,2.1129,-2.4934,0.30917,0.76005,2.2407,-1.3737,0.63278,0.50776,1.4288,-1.0038,0.11166,0.36287,1.3804,-0.50587,0.39848,0.37802,1.0424,-0.85636,0.29365,0.34895,1.1984,-0.90865,0.22637,0.25782,0.68681,-0.67228,0.047364,0.31669,1.095,-0.80352,0.12233,0.25644,0.87272,-0.6068,-0.083042,0.2731,0.73994,-0.82839,-0.060256,0.36111,1.1568,-0.70548,0.26903,0.29859,0.97603,-0.083042,0.2703
297.14,43.226,412.66,225.25,286.68,0.072408,0.26577,0.54054,1.8041,5.2382,-3.5734,1.046,0.61782,1.8763,-1.588,0.48043,0.75082,2.1981,-1.4371,0.87265,0.46165,1.5692,-0.66835,0.31079,0.51453,1.5517,-1.1424,0.028414,0.46299,1.4159,-0.90781,0.20495,0.34335,1.1376,-0.85082,0.25668,0.35977,0.70209,-1.3776,-0.091663,0.37682,0.68873,-1.2542,-0.0039217,0.29517,0.7247,-1.0578,-0.13447,0.43304,0.65355,-1.9791,-0.10181,0.41639,1.3519,-1.0642,0.1912,0.37963,1.046,-0.13447,0.25494
299.4,45.553,389.57,207.86,306.07,0.067046,0.22014,0.44944,1.2404,4.7383,-2.1014,1.6568,0.7893,2.1828,-1.9093,0.18427,0.67584,2.2914,-1.5092,0.6398,0.43625,1.3863,-0.74041,0.26527,0.39718,1.0953,-0.7344,0.19422,0.42964,1.144,-1.2205,0.078577,0.39285,0.90978,-1.14,0.096376,0.3771,0.8042,-1.7747,-0.092594,0.33933,0.96874,-0.89091,0.095128,0.29359,0.50222,-1.2789,-0.23772,0.28187,0.71546,-1.0628,0.045211,0.30602,0.74352,-1.2059,0.13002,0.48868,1.6568,-0.23772,0.25461
304.61,57.11,420.27,223.02,291.79,0.07399,0.28483,0.27972,1.1518,4.265,-1.9689,1.4834,0.81709,2.192,-2.241,0.43093,0.77366,2.6768,-1.1582,0.84205,0.46713,1.2769,-0.95809,0.27196,0.41318,1.0872,-0.97881,0.16004,0.42583,1.1818,-0.84698,0.2312,0.39457,1.1278,-1.0065,0.17423,0.39912,0.77294,-1.5124,-0.10733,0.32973,1.0619,-0.74776,0.12046,0.24158,0.60342,-0.89118,-0.19192,0.39521,0.79189,-1.6964,-0.053299,0.35874,1.009,-0.8849,0.18213,0.46032,1.4834,-0.19192,0.29532
279.51,36.341,360.31,214.69,274.48,0.15307,0.34,0.39024,1.0166,3.8872,-0.63075,1.9414,0.7326,2.8254,-1.181,0.58245,0.59275,2.5521,-0.59919,1.0706,0.58502,1.2694,-1.2219,0.15031,0.37589,1.5933,-0.22333,0.69208,0.4206,0.75486,-1.0722,-0.17022,0.32946,0.9437,-0.5901,0.14972,0.33941,0.82017,-0.83543,-0.056678,0.2595,0.7904,-0.68428,0.014287,0.23915,0.48701,-0.72773,-0.12544,0.25216,0.66531,-0.57745,0.18693,0.29991,0.70526,-1.0315,0.1047,0.61457,1.9414,-0.17022,0.37834
614.04,524.79,1645.6,104.95,554,0.054021,0.22145,0.2765,1.3972,4.0677,-3.4925,0.88954,0.66319,1.411,-1.801,-0.13241,0.48451,1.9236,-0.49827,0.63607,0.40322,1.7328,-0.44555,0.40025,0.34753,1.525,-0.25766,0.48475,0.37592,0.71896,-1.1952,-0.24656,0.3597,0.56206,-1.3193,-0.52454,0.30133,0.69442,-0.88024,-0.063846,0.27263,0.86676,-0.53534,0.114,0.26897,0.52757,-1.0856,-0.12956,0.22755,0.70259,-0.81234,0.064478,0.17789,0.72996,-0.20275,0.17082,0.40241,0.88954,-0.52454,0.13858
192.05,21.4,224.23,144.23,193,0.081567,0.24908,0.67511,1.616,4.24,-2.8921,0.90107,0.65606,1.9056,-1.8535,0.41963,0.79399,2.6842,-0.86505,0.79419,0.53347,1.2602,-1.5019,0.38296,0.35431,1.6464,-0.40853,0.40409,0.33351,0.96007,-0.58916,0.029503,0.24906,0.48078,-1.1059,-0.19306,0.28555,0.47748,-0.81144,-0.13257,0.28176,0.36022,-1.056,-0.23941,0.28478,0.83905,-0.57311,0.10744,0.19351,0.54165,-0.40929,0.066747,0.22821,0.82538,-0.50714,0.030768,0.37022,0.90107,-0.23941,0.21428
211.46,39.88,455.73,164.21,207.25,0.082641,0.27212,0.41522,1.8513,4.7658,-3.5197,1.4145,0.63171,2.8586,-0.85071,0.4924,0.65385,2.6888,-0.37812,0.88395,0.62503,1.5809,-1.9703,0.24737,0.40703,1.3638,-0.97362,0.30701,0.38346,1.3206,-0.77575,0.21006,0.49018,0.5852,-2.0483,-0.31012,0.35546,0.70175,-1.0362,-0.042359,0.30814,0.35232,-1.1895,-0.28251,0.25971,0.65879,-0.67113,-0.0542,0.23116,0.69601,-0.68132,0.13447,0.28614,0.84942,-0.80439,0.04939,0.49085,1.4145,-0.31012,0.25416
187.24,12.343,215.12,164.88,189.36,0.11592,0.24736,0.45714,1.6464,2.6773,-2.9922,0.36822,0.66259,1.749,-1.1691,0.4695,0.60291,2.2461,-0.77727,0.77336,0.35747,1.649,-0.1961,0.67221,0.4247,1.1849,-0.44568,0.32822,0.36682,0.82067,-1.1095,-0.044902,0.33383,0.54608,-1.0456,-0.16692,0.29259,0.824,-0.6664,0.12152,0.26895,0.52491,-0.73264,-0.023916,0.25508,0.40178,-0.80466,-0.13748,0.21112,0.71629,-0.52809,0.23842,0.18349,0.39627,-0.51726,-0.014894,0.31316,0.77336,-0.16692,0.21528
178.45,97.323,614.95,143.07,157.6,0.086868,0.19343,0.94017,1.7714,4.1565,-2.782,1.0265,0.66968,1.8388,-1.4324,0.5279,0.79469,3.0703,-1.4052,0.77286,0.49294,1.9361,-0.85525,0.57046,0.41474,1.5073,-0.58649,0.50793,0.43564,1.5083,-1.1296,0.17825,0.44351,0.80101,-1.4215,-0.4214,0.28699,0.46416,-0.92923,-0.16605,0.30387,1.0974,-0.51248,0.11955,0.272,0.59649,-0.79285,-0.20296,0.22233,0.5641,-0.5577,-0.011866,0.2594,0.85262,-0.55409,0.14175,0.43213,1.0265,-0.4214,0.25357
223.07,25.263,292.87,170.64,216.15,0.096215,0.27757,0.3861,1.8262,4.7284,-2.7729,1.5026,0.5696,1.5641,-1.5981,0.22929,0.61471,1.6955,-1.2145,0.22041,0.45518,1.3106,-0.7779,0.29665,0.33669,1.2703,-0.45702,0.53807,0.51174,1.6636,-0.99082,0.43279,0.38802,0.61704,-1.4496,-0.14833,0.30032,0.67937,-0.72953,0.033415,0.239,0.61044,-0.65395,0.047421,0.21265,0.32319,-0.69823,-0.24204,0.20071,0.49802,-0.67555,-0.11262,0.22827,0.89645,-0.4513,0.13889,0.45936,1.5026,-0.24204,0.24471
179.82,15.043,210.34,146.77,180.27,0.12052,0.27489,0.46358,1.4902,3.9829,-2.6903,1.5575,0.81028,3.3292,-2.3359,0.43323,0.73726,2.4591,-1.2157,0.63174,0.55218,1.4926,-1.1873,0.20727,0.42209,1.5397,-0.83743,0.46245,0.41852,1.273,-0.7417,0.18134,0.47322,1.0679,-1.4314,-0.14725,0.31047,0.97903,-0.70983,0.05535,0.34495,0.83882,-0.98318,-0.097811,0.29208,0.90171,-0.59707,0.035666,0.26232,0.67216,-0.90955,-0.14451,0.20702,0.60746,-0.54961,0.038778,0.4767,1.5575,-0.14725,0.26781
121.3,14.84,152.58,102.6,115.06,0.10054,0.23328,0.55249,1.3314,3.6924,-2.0692,1.477,0.66015,1.54,-1.4587,0.36886,0.74679,2.8825,-0.88241,0.78666,0.49064,1.5946,-0.92048,0.45273,0.33979,1.5155,0.0060463,0.75656,0.41172,1.1467,-0.79814,0.25222,0.36783,0.62183,-1.0787,-0.26071,0.29903,0.53433,-0.98413,-0.089246,0.26099,0.43439,-0.83452,-0.1018,0.28343,0.40712,-0.90655,-0.13789,0.22397,0.57274,-0.74179,-0.1986,0.22216,0.82721,-0.23454,0.21724,0.51655,1.477,-0.26071,0.29359
239.49,208.48,876.61,87.96,136.57,0.084418,0.2426,0.54054,1.9249,4.9128,-4.0195,1.7019,0.76085,1.8853,-1.7495,0.097013,0.76627,2.7448,-0.88734,0.59369,0.56794,1.1921,-1.5363,-0.13008,0.33638,1.1586,-0.29832,0.40492,0.46331,1.171,-1.1379,-0.0078184,0.36258,0.90519,-0.92901,0.052397,0.27628,0.77109,-0.88881,0.077653,0.3086,0.7864,-0.86244,-0.076099,0.32584,0.75344,-0.72835,-0.015689,0.30431,0.56631,-0.98714,-0.16325,0.27344,0.70822,-0.70626,0.021249,0.5167,1.7019,-0.16325,0.21299
126.98,10.751,159.94,104.67,124.61,0.081805,0.21841,0.43478,1.9246,4.8083,-3.8275,1.6504,0.70303,1.5166,-1.6258,0.16847,0.70182,2.5012,-0.86035,0.61393,0.51447,1.1642,-1.2119,-0.027487,0.33686,1.2833,-0.18119,0.50528,0.36833,1.0316,-0.7646,-0.03073,0.40383,1.0677,-0.73084,0.056084,0.24476,0.76329,-0.61651,0.040076,0.2975,0.71622,-1.0032,-0.0056542,0.27729,0.63871,-0.88089,0.021284,0.32183,0.67531,-0.9113,-0.16855,0.21691,0.64304,-0.44625,0.0011274,0.50047,1.6504,-0.16855,0.23535
200.19,94.76,596.22,147.87,172.64,0.056952,0.19625,0.49587,1.4531,4.4932,-3.0383,2.3945,1.1076,2.7547,-1.8397,-0.0034722,0.73252,2.4893,-0.78594,0.64073,0.601,1.073,-1.7147,-0.0058672,0.28063,1.4364,-0.05074,0.53262,0.40792,1.1034,-0.779,0.15888,0.52412,0.8072,-1.5362,-0.13184,0.26395,0.93358,-0.8391,0.018882,0.23376,0.67114,-0.7733,-0.016206,0.35777,0.90431,-0.62728,0.098908,0.25952,0.42884,-0.89513,-0.29531,0.21591,0.68492,-0.57651,0.041082,0.71272,2.3945,-0.29531,0.28607
195.35,56.358,460.58,145.81,187.48,0.065527,0.24328,0.35443,1.7981,5.4247,-3.4977,1.6708,0.83544,2.421,-1.8397,0.22656,0.81182,2.8806,-0.99093,0.82411,0.61283,1.343,-2.0258,0.056627,0.29971,1.2282,-0.50718,0.31759,0.40217,1.1603,-0.84223,0.17287,0.47237,1.0747,-1.3944,-0.060406,0.27244,0.86367,-0.77446,0.048202,0.32147,0.94951,-1.3034,-0.10039,0.26643,0.8335,-0.79102,-0.057673,0.24318,0.40334,-0.85856,-0.1277,0.24971,0.80526,-0.80654,-0.038811,0.52022,1.6708,-0.1277,0.24432
208.2,17.219,235.09,170.37,203.21,0.071061,0.25669,0.41812,1.7867,4.4929,-2.9005,1.8256,0.89427,2.2611,-1.6729,0.33076,0.76904,2.7898,-0.72836,0.72124,0.48601,1.1793,-1.0862,0.14601,0.34764,1.1881,-0.23749,0.38758,0.43437,1.4283,-0.60651,0.3294,0.53285,0.93022,-1.3573,-0.086615,0.24553,0.58625,-0.5845,0.040765,0.29346,0.59798,-0.97616,-0.016833,0.31255,0.85128,-0.61456,0.030061,0.26865,0.5399,-0.80645,-0.1729,0.30653,0.81276,-0.83002,0.018098,0.54195,1.8256,-0.1729,0.2961
177.7,76.114,434.7,103.13,151.13,0.08586,0.21349,0.57377,1.858,4.9619,-3.112,1.68,0.80276,2.4798,-1.9183,0.22015,0.84452,2.7987,-0.8077,1.1276,0.54558,1.2181,-1.1849,0.21506,0.29078,1.5447,-0.41724,0.48624,0.40497,0.89476,-0.88248,0.035422,0.47463,1.4027,-1.0531,0.22036,0.28859,0.82399,-0.83758,0.11731,0.35549,0.4669,-1.3974,-0.19798,0.26845,0.90292,-0.68254,-0.019717,0.29546,0.45541,-1.0419,-0.24101,0.21393,0.40927,-0.68263,-0.1068,0.56852,1.68,-0.24101,0.29472
164.54,19.15,201.1,121.32,169.65,0.083431,0.23542,0.46667,1.7814,4.6503,-3.4519,1.9009,0.94179,2.4273,-1.7408,0.47806,0.8714,3.067,-1.4882,0.53223,0.70165,1.304,-1.7373,-0.10981,0.41655,1.3536,-0.60354,0.4252,0.40632,1.0498,-0.79548,0.040159,0.43573,1.0208,-1.3838,0.068877,0.27205,0.83084,-0.6866,0.023769,0.32755,0.98141,-0.82207,0.079842,0.29675,0.55791,-0.80061,-0.074777,0.2586,0.53531,-0.85365,-0.13904,0.20527,0.49587,-0.72044,-0.043476,0.56524,1.9009,-0.13904,0.26516
168.73,60.755,398.01,101.27,157.97,0.054051,0.20878,0.43269,1.5146,4.9873,-2.866,1.9346,0.79383,2.9139,-2.0713,0.27988,0.89859,2.9653,-1.0164,0.85671,0.48614,1.3175,-1.3382,0.12389,0.3573,1.6303,-0.33922,0.43596,0.42543,1.1708,-0.84541,0.15728,0.42017,1.0486,-1.046,0.047351,0.27841,0.82041,-0.86228,0.001714,0.25829,0.57902,-0.97178,-0.069792,0.28827,0.78703,-0.6881,-0.041389,0.2486,0.43986,-0.82174,-0.20263,0.26522,0.72676,-1.0519,0.0095216,0.58735,1.9346,-0.20263,0.29442
129.83,34.651,347.87,92.592,127.07,0.082772,0.25518,0.49861,1.5492,4.5499,-2.8667,1.6614,0.7335,2.8415,-1.482,0.44001,0.83679,3.0969,-1.5333,0.77235,0.456,1.4444,-1.1748,0.10631,0.32259,1.4878,-0.33779,0.51297,0.41857,1.099,-0.87252,0.063437,0.38707,1.0498,-1.0358,0.1072,0.24333,0.67108,-0.893,-0.015585,0.2804,0.66961,-0.91644,0.014488,0.23023,0.5717,-0.45203,0.027766,0.25599,0.62856,-0.8741,-0.17137,0.25084,0.84799,-0.65837,0.020842,0.50696,1.6614,-0.17137,0.29498
139.72,25.836,191.44,99.972,134.22,0.074289,0.25097,0.26966,1.422,4.7115,-2.9625,1.5282,0.7128,2.8415,-1.2469,0.55991,0.90044,3.2755,-1.573,0.85257,0.44643,1.0705,-1.8441,0.093162,0.33288,1.3163,-0.50282,0.4384,0.47003,1.4771,-0.91684,0.14444,0.40552,1.078,-1.0985,0.12809,0.26627,0.74705,-0.82894,0.063584,0.27397,0.76581,-0.96923,0.0054019,0.22393,0.5155,-0.58877,-0.02222,0.25306,0.64473,-1.0098,-0.15684,0.2382,0.79714,-0.58385,0.046093,0.47828,1.5282,-0.15684,0.30674
186.48,52.189,450.99,125.6,179.64,0.10287,0.2868,0.54545,1.5339,4.2825,-2.877,1.6744,0.82707,2.1144,-1.723,0.26794,1.096,2.9869,-1.316,0.64655,0.43337,0.59361,-1.6796,-0.15073,0.40136,1.7789,-0.51174,0.35214,0.4086,1.035,-1.0422,0.21181,0.40896,0.63075,-1.3992,-0.11441,0.27623,0.68593,-0.63717,0.0046098,0.33756,0.71761,-0.60292,-0.0017256,0.30841,0.86836,-0.58352,-0.022348,0.23992,0.38507,-0.63,-0.1274,0.32193,0.85162,-0.97939,0.056904,0.51043,1.6744,-0.15073,0.23315
184.24,44.436,385.39,124.12,171.84,0.056157,0.20701,0.45918,1.7615,4.6323,-3.2404,1.4853,0.82661,3.1358,-1.8184,0.29032,0.85607,3.1194,-1.031,0.74151,0.54801,1.1315,-2.4398,-0.094877,0.35837,1.12,-0.79289,0.19499,0.46077,1.3887,-0.83454,0.16681,0.4186,0.73252,-1.3372,-0.25729,0.3134,0.89205,-0.75488,0.021665,0.23907,0.63167,-0.90337,0.00089753,0.29647,0.75575,-0.85761,-0.11896,0.24185,0.61233,-0.78902,-0.045626,0.2952,0.73374,-0.77443,-0.025144,0.48003,1.4853,-0.25729,0.19664
217.66,140.1,642.71,121.06,157.46,0.064285,0.20956,0.36585,1.7587,4.6124,-3.3014,1.9619,1.0025,2.4555,-2.5603,0.30801,0.91918,2.9593,-1.3482,0.8677,0.54007,1.2261,-1.7106,-0.11951,0.39046,1.4871,-0.63389,0.196,0.51885,1.5633,-0.60912,0.26636,0.55012,0.77706,-1.5478,-0.29114,0.28782,0.68192,-0.49989,0.077377,0.24749,0.59093,-0.62305,0.076436,0.33234,0.7536,-0.81115,-0.059082,0.22043,0.52884,-0.74951,-0.077418,0.27862,0.71094,-0.59596,0.014583,0.60769,1.9619,-0.29114,0.26844
188.8,108.02,698.46,116.12,147.63,0.080022,0.18691,0.53512,1.6102,4.5385,-3.2024,1.7937,0.75381,2.4265,-1.4124,0.55179,1.0882,2.9911,-1.397,0.60302,0.41641,1.4085,-1.3375,-0.1341,0.39533,1.7124,-0.58821,0.38517,0.47332,1.5305,-0.81439,0.18227,0.36642,0.83167,-1.1335,-0.10119,0.31021,1.159,-0.80199,0.031935,0.33756,0.88661,-0.84001,-0.0047151,0.33941,0.84033,-0.83661,-0.032322,0.23906,0.53729,-0.65042,-0.093256,0.27894,0.63181,-0.72599,-0.056067,0.54729,1.7937,-0.1341,0.26052
164.22,85.411,550.08,99.411,139.56,0.049402,0.14907,0.52632,1.5175,4.8194,-3.6245,2.249,0.73464,2.6617,-1.9292,0.43162,1.0406,3.7977,-0.84426,0.95242,0.49463,1.055,-1.7698,-0.15135,0.424,1.4171,-1.2074,0.099856,0.50933,1.3065,-0.88829,0.18878,0.44959,0.70422,-1.4046,-0.20288,0.35073,1.1095,-0.73402,0.069286,0.32445,0.87609,-0.96687,-0.018689,0.30493,0.99788,-0.7468,-0.018544,0.24781,0.70915,-0.61055,-0.035359,0.30669,0.88775,-0.86154,0.016769,0.68752,2.249,-0.20288,0.29841
222.86,88.788,576.67,110.32,194.75,0.071993,0.21923,0.52174,1.4865,4.3131,-2.663,1.8626,0.94973,2.9457,-2.4269,0.21673,1.1807,4.0385,-1.5083,1.2684,0.51707,1.0868,-1.1864,-0.10468,0.36871,1.4384,-0.72799,0.13121,0.57162,1.7575,-0.8446,0.27188,0.43583,0.8236,-1.4775,-0.19922,0.35134,0.98574,-0.63393,0.038585,0.35077,0.78571,-0.95194,-0.005727,0.34798,0.90213,-0.86101,-0.034168,0.25355,0.41054,-0.83292,-0.10555,0.31501,0.84109,-0.67777,0.062701,0.62666,1.8626,-0.19922,0.28356
381.87,253.09,1102.4,178.03,285.43,0.058445,0.16061,0.30928,1.603,4.5468,-3.3277,1.4048,0.80779,1.7427,-2.4805,0.054685,0.64509,1.8333,-1.4508,0.4971,0.36696,1.1773,-1.2278,-0.017109,0.48066,1.7239,-0.67442,0.40179,0.4721,1.1875,-0.93696,0.16526,0.34958,0.89736,-0.85437,0.2213,0.33071,0.63778,-0.92066,-0.16581,0.34928,0.741,-0.90933,0.046079,0.24968,0.88633,-0.60597,-0.024957,0.30541,0.63989,-0.90787,0.016567,0.31626,0.79488,-0.69632,0.1664,0.41365,1.4048,-0.16581,0.23051
197.49,21.812,226.28,172.68,192.83,0.074636,0.31168,0.40404,1.15,3.7102,-1.25,1.4901,0.65756,2.021,-1.1363,0.48058,0.89455,2.3752,-1.6359,0.65409,0.42346,1.2378,-0.6055,0.30555,0.4941,1.8195,-0.30232,0.46641,0.31844,0.84126,-0.6031,0.1787,0.35716,0.98504,-0.87353,0.10485,0.25139,0.26725,-0.83347,-0.26909,0.34282,0.84229,-0.76716,0.094248,0.23311,0.4206,-0.74024,-0.18315,0.24997,0.84854,-0.64149,-0.038048,0.26253,0.85412,-0.52091,0.23035,0.46447,1.4901,-0.26909,0.29288
250.17,56.818,651.8,156.42,250.55,0.090831,0.20844,0.70707,1.1612,3.9969,-1.7621,1.7407,1.0214,3.2644,-1.4433,0.42127,0.60569,1.834,-1.2544,0.53267,0.43391,1.1187,-0.99293,0.22704,0.37643,1.4317,-0.52584,0.42285,0.37015,1.0011,-1.0446,0.075343,0.29255,0.828,-0.67999,0.16879,0.21192,0.49056,-0.63781,0.024625,0.39493,1.1464,-0.57059,0.25921,0.22185,0.41964,-0.70039,-0.17148,0.20942,0.65872,-0.3761,0.081302,0.294,0.83895,-0.57333,0.24276,0.4832,1.7407,-0.17148,0.33542
229.3,68.254,531.79,114.18,212.93,0.1134,0.30442,0.43764,1.7507,5.6199,-2.8715,1.8633,0.77059,2.978,-1.6056,0.46127,0.8112,2.8907,-0.7755,0.86446,0.49669,1.5573,-1.268,0.32408,0.40356,1.5325,-0.66612,0.45717,0.43815,1.2613,-1.079,0.046749,0.38275,0.89883,-1.0495,0.15512,0.32731,0.7946,-1.0507,-0.073845,0.37265,0.88003,-0.9717,0.0021588,0.23983,0.43505,-0.97333,-0.21894,0.27352,0.59598,-0.84607,-0.063937,0.26968,0.91254,-0.36199,0.20379,0.56597,1.8633,-0.21894,0.33511
271.24,34.491,353,199.62,266.44,0.12597,0.31452,0.49844,1.6156,5.247,-2.7981,1.3941,0.61923,1.6401,-1.6521,0.40818,0.82304,2.7133,-1.2432,0.86582,0.42097,1.5486,-0.6351,0.37925,0.35067,1.2392,-0.49654,0.33205,0.45894,0.98513,-1.134,-0.084178,0.28354,0.64828,-0.85917,0.018034,0.26728,0.32485,-0.95408,-0.25548,0.32838,1.103,-0.81904,0.11729,0.22739,0.49746,-0.86508,-0.13026,0.27141,0.5776,-0.96089,0.0092625,0.31409,1.0006,-0.30991,0.31181,0.46423,1.3941,-0.25548,0.28049
238.99,19.456,281.59,194.27,238.88,0.10609,0.28827,0.47904,1.1223,5.0537,-1.7597,2.1925,0.85758,2.6271,-1.9977,0.31549,0.72483,2.2973,-0.91063,0.55707,0.47054,1.7982,-0.71835,0.544,0.45621,1.7855,-0.75079,0.51558,0.44087,1.2734,-0.94163,0.05411,0.3568,0.91807,-0.89154,0.043852,0.36242,0.99074,-1.0247,0.064596,0.32741,0.90603,-1.0528,0.27275,0.25149,0.4824,-0.77253,-0.076358,0.29436,0.72122,-1.0718,0.04822,0.28036,0.85167,-0.62965,0.29135,0.60426,2.1925,-0.076358,0.40193
243.11,61.928,698.21,83.027,231.7,0.1084,0.32706,0.37234,1.0895,3.9493,-1.8613,1.5298,0.67003,1.9033,-1.4713,0.27189,0.65542,2.5675,-0.72373,0.80327,0.35043,1.1111,-0.89247,0.25779,0.3222,1.0905,-0.45295,0.34595,0.40929,1.2271,-0.96958,0.22191,0.30091,0.90094,-0.54991,0.18856,0.27465,0.71258,-0.95543,-0.041427,0.35971,1.187,-0.4858,0.28172,0.20704,0.58069,-0.76741,-0.11907,0.2637,0.72922,-0.71926,0.019577,0.29639,1.0084,-0.53864,0.22747,0.4424,1.5298,-0.11907,0.33229
239.15,20.527,269.32,177.37,248.49,0.083624,0.30149,0.33708,1.4355,3.8469,-3.665,1.4728,0.71105,2.0194,-1.255,0.31313,0.82308,2.9346,-1.1211,0.48028,0.36263,1.2286,-0.45341,0.36884,0.37625,1.4637,-0.55881,0.41064,0.42052,0.89047,-1.0777,-0.24595,0.26435,0.67244,-1.0397,-0.18882,0.27214,0.65864,-0.97129,0.040529,0.30252,0.92199,-0.57003,0.10521,0.18523,0.31789,-0.65645,-0.15511,0.2367,0.77191,-0.39635,0.22749,0.2573,0.7741,-0.39436,0.20469,0.45348,1.4728,-0.24595,0.25281
302.07,53.618,492.2,198.49,295.3,0.098571,0.25583,0.4878,1.5807,3.8008,-4.2178,1.4889,0.86622,1.9937,-1.7128,0.094952,0.94662,2.4855,-1.3092,0.30166,0.46071,0.96626,-0.90202,0.034996,0.42597,1.4335,-0.64354,0.38726,0.40793,0.6578,-1.5229,-0.23388,0.25152,0.82223,-0.58584,0.0037347,0.26765,0.6956,-0.75802,-0.14697,0.35418,1.0575,-0.59808,0.1962,0.27637,0.37627,-1.0062,-0.27674,0.31885,0.62712,-0.9483,0.036488,0.35486,0.94637,-1.1465,0.14723,0.46099,1.4889,-0.27674,0.16948
250.69,29.584,332.25,203.66,254.41,0.072792,0.22198,0.4717,1.1547,4.3268,-1.2513,1.72,0.65728,1.7641,-1.1767,0.40066,0.92361,2.7227,-1.2833,0.7727,0.41848,1.4818,-0.41531,0.47455,0.39767,1.479,-0.44046,0.45157,0.3883,0.7363,-1.1459,-0.064175,0.31158,0.58662,-0.73729,-0.031341,0.36753,0.55727,-1.0678,-0.091572,0.27851,1.1204,-0.40075,0.14828,0.27271,0.41587,-0.96682,-0.19021,0.19402,0.63346,-0.28824,0.22405,0.22343,0.93007,-0.2107,0.30556,0.51749,1.72,-0.19021,0.34334
231.26,22.96,289.54,194.73,231.33,0.086369,0.22121,0.43956,1.0241,3.4247,-1.7571,1.3766,0.91405,2.5173,-1.7891,0.31,0.89732,2.6135,-1.4916,0.52747,0.47985,1.3151,-1.3737,0.31759,0.31644,1.1565,-0.54005,0.34772,0.37323,1.0602,-1.0082,0.1195,0.28731,0.62778,-0.81883,-0.049759,0.33622,0.66022,-0.87159,0.10532,0.28454,0.91012,-0.71576,0.11831,0.28612,0.28769,-1.1637,-0.23851,0.21329,0.58121,-0.50087,0.094608,0.20038,0.79789,-0.15455,0.32085,0.40076,1.3766,-0.23851,0.27914
245.45,19.594,290.63,205.78,247.62,0.080077,0.25301,0.54455,1.8041,4.8771,-3.5328,1.4997,0.76641,2.2388,-1.4525,0.45719,0.88989,2.8826,-1.0479,0.61906,0.5055,1.2468,-1.32,0.22786,0.3968,1.4619,-0.63505,0.35432,0.35385,0.75363,-1.1169,-0.066508,0.30976,0.76309,-0.9974,-0.0077294,0.27401,0.44586,-0.89404,-0.15116,0.33148,0.93112,-0.77932,0.06769,0.23599,0.48524,-0.90926,-0.15683,0.22302,0.78466,-0.52997,0.044861,0.26136,1.2018,-0.35472,0.30271,0.45928,1.4997,-0.15683,0.26593
334.72,36.377,410.23,244.12,334.6,0.052393,0.18834,0.25926,1.5664,4.8304,-3.4996,1.3769,0.79558,1.9457,-2.5688,0.099186,0.82006,2.5486,-1.2283,0.66963,0.52347,1.3613,-1.9582,0.017925,0.33453,1.4148,-0.72896,0.21632,0.37426,0.70683,-1.3104,-0.15766,0.26792,0.67961,-0.87885,-0.031732,0.33649,1.1293,-1.2441,-0.096776,0.29783,0.84604,-0.663,0.021674,0.31401,0.61379,-1.3073,-0.2961,0.287,0.77633,-1.1616,-0.10023,0.35742,1.0133,-1.2389,0.14617,0.45387,1.3769,-0.2961,0.15544
245.64,11.192,267.75,220.61,247.44,0.077905,0.2591,0.54608,1.3854,3.7104,-3.8105,1.4227,0.78172,2.4337,-1.4557,0.52045,0.71949,2.4684,-1.2263,0.55778,0.45251,1.4537,-0.66113,0.38606,0.35165,1.3591,-0.73481,0.34541,0.40425,0.90327,-0.80979,0.037716,0.27209,0.81407,-0.78019,0.11745,0.26747,0.85999,-0.70661,0.12294,0.23768,0.66525,-0.58731,0.13074,0.21624,0.49126,-0.75492,-0.15419,0.21464,0.4372,-0.47021,-0.054653,0.22925,1.023,-0.36631,0.3032,0.41315,1.4227,-0.15419,0.3113
332.19,21.752,393.87,282.84,330.63,0.072199,0.22911,0.35336,1.7043,3.9979,-4.6542,0.95018,0.62917,2.3211,-0.89771,0.37486,0.69271,2.3486,-1.0679,0.70122,0.40373,1.1514,-0.84004,0.12545,0.34677,1.5225,-0.44378,0.23146,0.35462,0.67892,-1.299,-0.17668,0.3694,0.67297,-1.3743,-0.00081855,0.27374,0.41788,-1.068,-0.19614,0.2996,0.88066,-0.83221,-0.0049172,0.27534,0.43542,-1.1039,-0.25254,0.33506,0.77192,-1.4147,-0.050747,0.29342,0.7456,-1.2681,0.053496,0.36763,0.95018,-0.25254,0.14624
285.14,39.857,389.49,197.48,280.91,0.050717,0.17483,0.44321,1.301,4.1443,-2.3411,1.548,0.75228,2.7288,-1.6225,0.34993,0.78586,2.5786,-1.994,0.29277,0.53321,1.3532,-1.6194,0.22763,0.43734,1.496,-0.78654,0.34724,0.34361,0.71699,-1.5094,-0.10097,0.29236,0.6691,-0.93553,-0.10272,0.33111,0.57756,-1.2801,-0.098075,0.27555,0.79414,-0.68473,0.13143,0.26259,0.49373,-0.92442,-0.20888,0.27442,0.90446,-0.61375,0.11689,0.27544,0.82214,-1.045,0.20921,0.45851,1.548,-0.20888,0.22604
260.9,23.125,315.77,198.96,259.68,0.072874,0.20206,0.4557,1.1575,4.011,-1.3735,1.7455,0.85021,2.5617,-1.5375,0.35966,0.84654,2.2153,-1.8068,0.41222,0.42717,1.6526,-0.90889,0.33003,0.40628,1.5811,-0.46257,0.57746,0.36679,0.61602,-1.234,-0.12357,0.27825,0.57971,-1.3016,-0.11795,0.28783,0.8597,-0.79511,-0.085568,0.31144,1.1171,-0.48865,0.20839,0.25512,0.39126,-0.86085,-0.21863,0.23168,0.81158,-0.55514,0.13826,0.23178,0.95309,-0.46743,0.31905,0.52136,1.7455,-0.21863,0.29541
258.83,25.247,327.24,205,262.03,0.12665,0.28283,0.67925,1.1857,3.5318,-1.6821,1.7829,0.62264,1.7075,-1.3056,0.44256,0.87494,3.2682,-1.0803,0.99771,0.41063,1.2806,-1.1558,0.3195,0.38986,1.3872,-0.71663,0.31702,0.34722,0.68664,-0.81222,-0.040413,0.26052,0.71304,-0.61838,0.039566,0.30136,0.67781,-0.99578,-0.079291,0.25132,0.78395,-0.47948,0.1384,0.29152,0.477,-1.142,-0.29079,0.24739,0.74094,-0.51201,0.092343,0.23447,0.85738,-0.3426,0.34427,0.55894,1.7829,-0.29079,0.33865
230.38,24.974,311.3,171.67,226.29,0.10741,0.23592,0.36364,1.0486,4.3977,-0.49359,1.9154,0.67763,1.9816,-1.3312,0.58044,0.79094,2.9025,-0.655,1.1254,0.40454,1.2664,-0.61993,0.33613,0.32198,1.1959,-0.44223,0.33535,0.33725,0.80785,-1.0049,0.01558,0.24367,0.74127,-0.4777,0.1589,0.36709,0.57346,-1.1253,-0.085813,0.2471,0.73123,-0.51766,0.14519,0.24914,0.33082,-0.92793,-0.24756,0.24988,0.56383,-0.54904,0.02801,0.19835,0.74333,-0.41123,0.27201,0.59849,1.9154,-0.24756,0.38158
203.26,52.934,527.65,126.83,197.98,0.060427,0.22252,0.54054,1.4302,4.3994,-1.6702,1.4198,0.60051,1.7939,-1.6856,0.256,1.1687,3.3156,-1.6339,0.76429,0.69863,1.55,-1.9135,0.30875,0.34536,1.2386,-0.37744,0.4278,0.45392,1.0334,-1.1569,0.11303,0.29496,0.75383,-0.89722,0.10684,0.2969,0.89038,-0.92834,-0.0033029,0.38775,0.92825,-0.84685,0.022016,0.33498,1.3319,-0.62631,0.080862,0.23835,0.35978,-0.84064,-0.18374,0.26852,0.72392,-0.53855,0.15591,0.42966,1.4198,-0.18374,0.28902
192.68,94.905,735.93,115.8,176.38,0.097297,0.22509,0.39024,1.5834,3.9948,-3.5989,1.5575,0.818,2.37,-1.2479,0.22248,0.98263,2.4646,-1.8133,0.53918,0.55926,1.6998,-1.4905,0.34913,0.33776,1.2084,-0.74506,0.42398,0.54299,1.2923,-1.9545,0.065739,0.38296,1.0525,-1.2523,0.042643,0.25673,0.54617,-0.78885,-0.05908,0.33462,1.1294,-0.79991,0.21943,0.29485,1.0367,-0.90625,0.027311,0.30444,0.43559,-1.0642,-0.28102,0.3211,0.92648,-0.51756,0.22505,0.46027,1.5575,-0.28102,0.27769
267.95,151.35,753.87,130,213.55,0.12523,0.36566,0.68966,1.5867,4.6507,-3.6033,1.6978,0.87826,2.6375,-1.3152,0.087306,1.1348,2.6879,-2.0342,0.54491,0.63947,1.6325,-1.758,0.29774,0.35522,1.6432,-0.44485,0.36618,0.51505,1.271,-1.2642,0.12209,0.38257,0.91177,-1.0136,0.06588,0.3264,0.54654,-0.91697,-0.09974,0.44,1.0945,-0.93842,0.15909,0.26681,0.75986,-0.72585,0.015091,0.23864,0.29307,-0.87077,-0.23918,0.27831,1.1107,-0.29522,0.27531,0.49491,1.6978,-0.23918,0.27438
197.09,47.581,452.6,130.93,200.87,0.092294,0.24747,0.32967,1.8147,4.0815,-4.3039,1.3479,0.89882,2.2473,-1.7339,0.45789,0.85376,3.5098,-0.87165,0.98897,0.53158,1.548,-1.0834,0.49893,0.48064,1.557,-0.85025,0.36269,0.39552,1.131,-0.84486,0.31192,0.37301,0.61701,-1.048,-0.086847,0.28872,0.7187,-0.85915,-0.11739,0.40512,0.64084,-1.3085,-0.066062,0.26422,0.60259,-0.53716,0.027555,0.31692,0.52562,-0.89134,-0.18063,0.29571,0.94944,-0.33012,0.23033,0.46776,1.3479,-0.18063,0.31461
230.98,103.89,646.03,152.47,197.47,0.079407,0.25438,0.38043,1.5103,4.4592,-2.3032,1.5698,0.9296,3.012,-1.3961,0.36331,0.91507,2.8459,-1.2832,0.60951,0.67752,1.6107,-1.5711,0.10155,0.44531,1.5472,-0.75933,0.48314,0.38505,1.132,-0.85293,0.17869,0.40494,0.97537,-1.6338,-0.072932,0.2944,0.67986,-0.77955,-0.015191,0.40572,0.81511,-1.1628,-0.05519,0.31473,0.8333,-0.65003,0.13103,0.30638,0.38175,-1.3009,-0.2621,0.22414,0.80277,-0.39684,0.17601,0.47781,1.5698,-0.2621,0.2673
456.98,430.93,1320.8,82.046,138.4,0.12661,0.25819,0.50125,1.4524,3.9381,-2.2113,1.2432,0.7493,2.2108,-1.5596,0.51008,0.90605,2.1994,-1.8231,0.32734,0.66089,1.5257,-1.43,0.18426,0.40119,1.6845,-0.49077,0.60004,0.47943,1.282,-1.1238,0.24264,0.33482,1.1699,-0.68479,0.068057,0.30406,0.79944,-0.82307,0.03029,0.36141,0.91771,-0.82733,0.1406,0.27524,0.91679,-0.61475,0.024305,0.22209,0.26535,-0.88544,-0.25303,0.2471,0.94884,-0.53686,0.14882,0.38004,1.2432,-0.25303,0.27222
200.6,94.637,543.18,111.12,181.91,0.0887,0.21439,0.63492,1.6363,4.2157,-3.3764,1.5523,0.65823,1.9937,-1.5607,0.25745,1.038,3.1756,-1.5499,1.1118,0.45956,1.5945,-0.6994,0.48971,0.37815,1.2498,-0.57132,0.36173,0.51834,1.482,-1.3183,0.10683,0.38416,1.1292,-1.0136,0.026375,0.25319,0.54797,-0.81475,-0.13696,0.37976,0.76364,-1.3905,-0.033484,0.29722,0.79738,-0.73483,-0.041037,0.27144,0.44422,-0.97467,-0.32968,0.23543,0.83942,-0.28238,0.22842,0.53946,1.5523,-0.32968,0.29945
230.26,95.331,570.83,139.33,213.07,0.079765,0.20627,0.44053,1.2383,3.4136,-2.1438,1.4574,0.70105,2.0031,-1.592,0.27791,0.99381,3.2567,-1.2865,1.0301,0.47703,1.6656,-0.72621,0.50617,0.37051,1.2767,-0.70505,0.273,0.36296,0.94684,-0.61266,0.18008,0.4465,0.94094,-1.5464,0.03501,0.30535,0.78066,-1.0873,-0.022946,0.41073,0.80196,-1.0379,-0.1282,0.29125,0.9345,-0.52745,0.04572,0.22994,0.35851,-0.79861,-0.2399,0.24488,0.87358,-0.34471,0.23231,0.49075,1.4574,-0.2399,0.30389
311.22,14.32,332.9,275.89,313.86,0.079394,0.25736,0.15267,1.0281,3.0608,-2.015,1.0057,1.2903,2.4801,-2.9619,-0.008593,0.72041,2.3913,-0.91008,0.59095,0.37071,0.97298,-0.98078,0.030787,0.32561,1.1769,-0.50876,0.29563,0.49586,1.2606,-1.1712,-0.11251,0.29825,1.1548,-0.3889,0.19372,0.29407,0.69847,-0.80908,-0.057086,0.28064,0.9918,-0.2819,0.32834,0.26488,0.37376,-0.80412,-0.23229,0.22568,0.74775,-0.43425,0.035422,0.2324,0.71561,-0.37902,0.26989,0.34141,1.0057,-0.23229,0.195
332.52,32.933,392.05,266.82,331.16,0.082295,0.22742,0.5571,1.5627,4.4766,-4.1261,0.61809,0.78845,2.0812,-2.1338,0.011692,0.86043,3.2089,-1.2981,0.77266,0.59196,1.1368,-1.9804,-0.12112,0.40597,1.6213,-0.72149,0.29419,0.44886,0.58455,-1.5384,-0.26362,0.2938,0.986,-1.1958,-0.048298,0.33312,0.58817,-1.2507,-0.24001,0.34817,0.99982,-0.92299,0.11304,0.30163,0.58527,-1.2208,-0.16651,0.2306,0.72272,-0.59518,-0.020462,0.35579,0.85254,-1.2139,0.10922,0.32603,0.77266,-0.26362,0.088239
331.17,26.34,407.46,270.09,328.65,0.093974,0.27071,0.5,1.4184,2.1584,-4.0625,0.30647,0.70768,2.4726,-1.6357,0.23131,0.71439,2.7145,-0.37444,0.93357,0.38547,1.2437,-0.99995,0.086596,0.32583,1.1177,-0.64584,0.16547,0.46106,0.85503,-1.6916,-0.26992,0.32855,1.556,-0.73317,0.15435,0.38336,0.53631,-1.3749,-0.34852,0.35599,0.85319,-0.81337,0.092847,0.31561,0.4661,-1.1243,-0.20407,0.30243,0.56539,-0.94797,-0.077786,0.36861,0.78609,-1.3758,0.093091,0.3336,0.93357,-0.34852,0.096949
353.12,37.488,424.28,258.09,355.19,0.052077,0.20583,0.48309,0.9538,3.314,-1.6677,0.94812,0.97504,2.3575,-3.2161,-0.45487,0.80276,2.8009,-1.8112,0.42033,0.58487,1.1654,-2.1143,-0.18283,0.45077,1.5703,-0.79193,0.26729,0.41691,0.73637,-1.61,-0.29139,0.30995,0.53948,-0.80996,-0.19529,0.4571,0.87318,-1.3757,-0.14213,0.27734,1.2287,-0.50779,0.18894,0.32918,0.7025,-1.1607,-0.15855,0.39566,0.58074,-1.6276,-0.16079,0.42475,0.91958,-1.1546,0.064298,0.38303,0.94812,-0.45487,0.025259
330.84,57.493,645.44,260.99,324.89,0.055933,0.22415,0.3096,1.1103,3.156,-1.7694,1.2729,1.118,2.1188,-3.5059,-0.033991,0.72898,2.8946,-1.1501,0.47667,0.58732,1.1759,-1.5172,-0.094523,0.45373,1.4279,-0.94784,0.35709,0.35911,0.58982,-1.2959,-0.20102,0.39294,0.88127,-1.315,-0.1713,0.30029,0.88473,-1.003,-0.056947,0.2828,1.2314,-0.47937,0.23551,0.31826,0.45551,-1.1406,-0.17596,0.23181,0.52384,-0.79021,-0.10105,0.30506,1.2451,-0.62395,0.19252,0.42115,1.2729,-0.20102,0.14166
353.14,19.549,395.16,307.54,352.54,0.052038,0.17043,0.54054,1.0629,2.4397,-2.7936,0.65478,0.8505,2.2455,-2.1163,-0.15092,0.77359,2.627,-0.83036,0.94505,0.56772,1.5371,-1.654,-0.22739,0.37154,1.2103,-0.76705,0.13336,0.44759,0.77999,-1.3371,-0.15515,0.31344,1.0138,-0.67084,0.060331,0.35422,0.49685,-1.2161,-0.281,0.28326,1.1093,-0.51784,0.17513,0.29693,0.44559,-1.2752,-0.22507,0.23975,0.54983,-0.74677,-0.01627,0.34715,0.55944,-1.425,0.0054287,0.37321,0.94505,-0.281,0.076522
291.36,37.889,345.67,216.46,304.88,0.091258,0.27502,0.35806,0.98307,2.7704,-1.7232,1.0445,0.89086,2.1434,-2.1997,0.085593,0.76993,2.9271,-0.43703,0.91925,0.46531,1.2203,-1.2193,0.054715,0.343,0.91999,-0.91811,0.26435,0.45969,1.2203,-0.96924,-0.076098,0.31523,0.9504,-0.65547,0.073665,0.36451,0.60058,-1.1249,-0.058967,0.27789,1.0421,-0.4216,0.24364,0.30342,0.47023,-1.4429,-0.24603,0.22793,0.64258,-0.71475,0.013772,0.27171,0.95198,-0.32035,0.2977,0.38955,1.0445,-0.24603,0.21801
