121.53,69.865,523.51,87.27,108.18,0.0621,0.22956,0.21661,1.89,5.5085,-2.9583,1.9837,0.60193,1.9176,-0.98838,0.50127,1.0148,3.4095,-0.97933,0.80661,0.60847,1.3294,-1.6712,0.14623,0.28645,1.1852,-0.38356,0.43801,0.47311,1.1168,-1.2692,-0.029914,0.37929,0.84785,-0.95527,-0.0016427,0.30613,0.49436,-0.85161,-0.1599,0.25733,0.80408,-0.4983,0.12416,0.28061,0.65171,-0.78829,-0.0058513,0.22572,0.41425,-0.61524,-0.093669,0.32694,0.53511,-0.91803,-0.030806,0.60108,1.9837,-0.1599,0.30651
107.1,65.396,516.23,76.912,94.273,0.075155,0.21585,0.43478,1.6865,5.4843,-2.0095,2.6529,0.59663,1.7026,-1.2915,0.40435,0.82857,2.9644,-1.5924,0.59055,0.47471,1.3911,-1.1165,0.11594,0.3133,1.2156,-0.4229,0.48603,0.54093,1.0525,-1.4404,-0.20551,0.39299,0.91174,-0.86273,-0.0263,0.3084,0.8762,-0.80467,-0.050017,0.27852,0.78929,-0.49424,0.12641,0.30208,0.76998,-0.77621,0.017287,0.26126,0.401,-1.1065,-0.17796,0.26349,0.79293,-0.53693,0.096925,0.77158,2.6529,-0.20551,0.33588
104.63,9.8826,132.84,89.022,103.3,0.072677,0.20847,0.73126,1.9154,5.0351,-3.6977,1.9598,0.7034,2.555,-1.4069,0.62648,0.77566,3.2436,-0.64405,0.92121,0.4854,1.4018,-1.3097,0.10672,0.40458,1.5487,-0.61964,0.40766,0.43134,1.3149,-1.0399,-0.070491,0.38972,1.1761,-0.93942,-0.0991,0.29092,0.70505,-1.2182,-0.070049,0.24579,0.69187,-0.7584,0.15919,0.29447,0.86256,-0.95288,-0.083197,0.28776,0.53137,-0.92141,-0.14099,0.21147,0.84442,-0.61436,0.046136,0.61447,1.9598,-0.14099,0.31362
210.73,140.79,529.41,85.524,145.54,0.048595,0.1781,0.37344,1.8405,4.9996,-2.9596,1.9125,0.58893,1.936,-1.389,0.47897,0.87378,3.8626,-1.0861,0.87669,0.45062,1.7408,-0.83668,0.27024,0.35965,1.2709,-0.75021,0.29358,0.51524,1.2934,-1.2338,-0.064319,0.49266,1.2435,-1.0327,0.033184,0.29206,1.0059,-0.76667,0.13276,0.30348,0.94047,-0.87922,-0.049761,0.27611,0.66998,-0.99006,-0.095154,0.29423,0.50052,-1.0458,-0.16287,0.19144,0.52658,-0.77655,0.054724,0.58387,1.9125,-0.16287,0.30671
114.22,13.601,136.44,87.397,115.4,0.041558,0.20414,0.29155,1.562,5.1689,-4.227,2.0428,0.66876,2.7145,-1.4169,0.59271,0.79647,3.2885,-1.0934,0.46761,0.46608,1.6225,-1.3487,0.15098,0.32312,1.4483,-0.66205,0.379,0.46532,0.89105,-1.667,-0.12045,0.35142,1.0429,-1.1084,-0.075214,0.25023,0.71477,-0.79536,0.032586,0.26352,0.89099,-0.67842,0.033322,0.27924,0.94429,-0.53549,0.026462,0.23605,0.57071,-0.7958,-0.10425,0.20833,0.626,-0.61569,0.0050922,0.60019,2.0428,-0.12045,0.28589
149.6,128.58,602.07,100.09,106.9,0.03747,0.14173,0.66066,1.7749,5.5258,-4.1567,2.5017,0.61141,2.1689,-1.5112,0.52433,0.71581,3.2764,-0.91805,0.57177,0.45305,1.0417,-1.3105,-0.013544,0.37683,1.9214,-0.68806,0.45986,0.43398,1.1109,-1.0594,0.062019,0.46562,1.391,-1.3085,-0.18767,0.30329,0.97564,-0.75615,0.018449,0.24267,0.99992,-0.90367,0.10218,0.24174,0.81101,-0.75948,-0.00969,0.30219,0.59979,-1.1017,-0.16111,0.19938,0.62621,-0.69545,0.047195,0.73066,2.5017,-0.18767,0.32629
124.37,14.706,140.83,99.979,132.45,0.069414,0.3104,0.22124,1.7478,5.2301,-3.5629,2.438,0.61758,2.3701,-1.6481,0.54554,0.88957,3.8876,-0.33691,1.133,0.53012,1.7207,-1.8427,0.29474,0.39971,1.8102,-1.0015,0.4888,0.49783,1.1276,-1.2549,-0.1122,0.46553,1.4318,-1.3812,-0.067076,0.29124,0.75693,-1.2657,-0.045371,0.30616,0.63857,-0.8411,-0.086505,0.25944,0.62161,-0.73999,-0.10354,0.27948,0.44009,-1.0144,-0.19242,0.23621,0.67636,-0.72743,-0.0035431,0.76231,2.438,-0.19242,0.35746
167.48,74.609,593.16,124.93,156.54,0.086687,0.37198,0.25696,1.1079,5.1839,-1.698,1.6597,0.90307,2.8714,-3.6975,0.62732,0.91025,2.7721,-1.4641,0.57171,0.68399,1.8928,-1.8211,0.28451,0.37341,1.5813,-0.88646,0.23581,0.38318,1.0894,-0.82507,0.21864,0.32441,1.0989,-0.80771,0.17655,0.37274,0.58338,-1.1931,-0.1739,0.3253,1.1605,-0.48237,0.22759,0.30696,0.62302,-1.1939,-0.196,0.21473,0.55572,-0.49703,0.097506,0.23818,1.0182,-0.29715,0.19168,0.48392,1.6597,-0.196,0.32676
184.71,103.47,864.21,132.62,164.87,0.0656,0.27778,0.25118,1.2425,5.0237,-2.8013,1.9099,0.62262,2.3884,-1.4829,0.61206,0.61187,2.509,-1.3603,0.43162,0.46632,1.6695,-1.0075,0.36928,0.27143,1.4543,-0.40708,0.27861,0.40436,1.4164,-1.0373,0.11489,0.30446,1.1159,-0.82826,0.14259,0.2627,0.63757,-0.86904,0.010165,0.3199,1.2894,-0.49625,0.24537,0.26312,0.42804,-1.0953,-0.15177,0.20147,0.83972,-0.43199,0.077168,0.24679,1.047,-0.31865,0.25801,0.52853,1.9099,-0.15177,0.35816
180.57,92.735,598.88,78.547,153.57,0.091753,0.30406,0.30916,1.7134,5.6398,-3.6154,2.0593,0.71244,3.0316,-1.6537,0.76428,0.69727,2.6582,-1.1605,0.59283,0.5462,1.6416,-0.94284,0.40452,0.34261,1.4843,-0.7983,0.30366,0.49151,1.7912,-1.1867,0.11833,0.2872,0.99293,-1.1037,0.070364,0.29598,0.74953,-1.1051,-0.042116,0.27093,1.0743,-0.74626,0.11787,0.28339,0.59803,-1.1364,-0.23253,0.21207,0.5819,-0.62567,0.047233,0.23793,1.0934,-0.50201,0.28589,0.59734,2.0593,-0.23253,0.37413
164.65,18.062,213.71,116.74,166.48,0.10509,0.35979,0.48387,1.5987,5.3362,-2.9824,1.6917,0.59841,2.6857,-1.9377,0.65773,0.61452,3.0843,-0.75321,0.59158,0.44188,1.5565,-0.83984,0.54042,0.33588,1.4246,-0.6099,0.29953,0.46003,1.2153,-1.1494,0.15637,0.31991,1.1476,-0.69191,0.1897,0.32368,0.81667,-0.95701,-0.0032957,0.25005,1.1226,-0.45507,0.21345,0.25465,0.54497,-0.97259,-0.1425,0.25399,1.0355,-0.54595,0.095897,0.24521,1.2054,-0.255,0.26802,0.47691,1.6917,-0.1425,0.37988
167.28,29.747,268.85,76.544,173.71,0.083819,0.33041,0.33333,1.5896,5.5994,-3.7178,1.7823,0.63275,2.5339,-1.5829,0.69032,0.58189,2.8581,-0.88921,0.50891,0.41262,1.6674,-0.65899,0.45006,0.37953,1.3042,-0.90362,0.28758,0.44752,1.51,-1.3126,0.14922,0.30089,1.1976,-0.5058,0.1858,0.30594,0.86734,-1.3182,-0.010936,0.25341,1.1752,-0.60848,0.17599,0.2467,0.41579,-1.1788,-0.15533,0.23597,0.7926,-0.64079,0.031284,0.25578,0.97949,-0.41932,0.25265,0.50443,1.7823,-0.15533,0.36232
175.06,58.632,489.05,84.52,168.36,0.051308,0.26241,0.29412,1.312,5.6488,-2.3818,1.7231,0.69886,3.1986,-1.8387,0.63682,0.66844,3.0086,-1.4765,0.29767,0.48183,2.1103,-1.6876,0.26567,0.31344,1.7218,-1.0347,0.27101,0.40682,1.55,-1.42,0.061841,0.30746,1.0429,-1.0915,0.095286,0.29983,0.69699,-1.3027,-0.041135,0.25482,0.95728,-0.66241,0.13726,0.26188,0.78456,-1.1019,-0.11261,0.23068,0.89888,-0.74329,0.074237,0.25785,1.2254,-0.279,0.19139,0.48759,1.7231,-0.11261,0.30004
207.53,178.78,973.12,80.61,150.95,0.055382,0.25425,0.41221,1.3115,5.2739,-2.3546,1.9994,0.63925,2.2697,-2.0566,0.57859,0.56542,2.4061,-1.3561,0.34952,0.55222,2.021,-1.5003,0.38829,0.3432,1.6748,-0.66893,0.28036,0.43544,1.4344,-1.2571,0.1505,0.28929,1.0269,-0.73731,0.11222,0.29814,0.84723,-1.29,0.0012083,0.28636,1.0387,-0.86485,0.16455,0.28001,0.62743,-1.0473,-0.15086,0.21437,0.8443,-0.61278,0.052315,0.24626,1.0689,-0.46305,0.24785,0.55442,1.9994,-0.15086,0.34783
165.33,18.072,199.42,78.762,161.56,0.053495,0.23029,0.4117,1.3918,4.7125,-2.4775,1.9088,0.56125,2.1986,-1.1711,0.60794,0.73189,2.9354,-1.2555,0.58341,0.48896,2.2681,-0.82374,0.46208,0.36541,1.274,-0.89658,0.22956,0.45264,1.2581,-1.1439,0.13005,0.30014,1.3209,-0.61699,0.16399,0.34934,0.6302,-1.5013,-0.077659,0.28687,1.176,-0.73294,0.20248,0.29226,0.51586,-1.0908,-0.22255,0.1949,0.74639,-0.45968,0.093909,0.25748,0.93296,-0.45977,0.24533,0.54511,1.9088,-0.22255,0.36061
155.2,20.76,297.86,86.478,150.46,0.064954,0.25886,0.22727,1.2211,5.9045,-2.4217,1.806,0.56159,2.0685,-1.1582,0.60699,0.72601,2.6114,-0.83024,0.7266,0.4936,1.9699,-0.95512,0.40474,0.34606,1.4745,-0.52654,0.30033,0.4122,1.707,-0.69478,0.25957,0.34303,1.0856,-0.80843,0.2542,0.32717,1.2582,-0.86995,-0.040929,0.26942,1.0729,-0.55961,0.17505,0.30239,0.43834,-1.2632,-0.21412,0.23603,0.83186,-0.84294,0.017413,0.22805,0.86713,-0.38635,0.18667,0.52074,1.806,-0.21412,0.37354
183.31,89.427,594.83,81.662,151.78,0.085135,0.24357,0.55684,1.7052,5.2434,-2.4779,1.7953,0.8378,2.5513,-1.6072,0.42108,0.82213,2.804,-1.4177,0.86453,0.52319,1.4543,-1.2291,0.11861,0.43314,1.4321,-0.67303,0.40558,0.42236,1.3506,-1.1664,-0.06994,0.37873,1.0022,-0.8247,-0.020602,0.3537,1.1881,-0.83394,0.17369,0.2775,0.66505,-0.77148,-0.092721,0.24571,0.64199,-0.69574,-0.075165,0.24202,0.89275,-0.66805,0.18354,0.22954,0.64744,-0.47199,0.10299,0.54043,1.7953,-0.092721,0.31724
175.72,15.908,200.18,137.72,180.11,0.16275,0.42535,0.20478,1.7847,4.653,-2.3942,1.845,0.7859,2.3266,-1.3254,0.36071,0.81128,2.5092,-1.4172,0.84804,0.48445,1.4072,-0.52375,0.46387,0.53217,1.6935,-0.65787,0.52019,0.41294,0.85419,-1.2956,0.026737,0.4604,1.4557,-0.74482,0.10878,0.50836,1.4466,-0.89159,0.21285,0.27988,0.69085,-0.69465,0.03888,0.29475,0.54458,-0.79604,-0.14493,0.21125,0.63285,-0.48225,0.091931,0.22345,0.80781,-0.3365,0.19022,0.5334,1.845,-0.14493,0.38019
229.19,213.48,1053.6,75.51,161.33,0.17231,0.37426,0.30303,1.7045,5.4206,-2.8137,2.286,0.91096,2.9259,-1.5797,0.43721,0.99022,3.1027,-1.2926,0.76896,0.59345,1.6478,-1.1995,0.30631,0.43961,1.5027,-0.91764,0.65347,0.40684,1.1486,-1.3428,0.0007535,0.34415,1.1427,-0.847,0.069053,0.37032,0.96522,-0.68133,0.1968,0.25408,0.6307,-0.80533,0.045463,0.26616,0.60917,-1.203,-0.16077,0.21825,0.83177,-0.44552,0.22529,0.1834,0.54881,-0.40857,0.10095,0.64923,2.286,-0.16077,0.41079
298.47,284.25,1045.7,82.79,160.97,0.14723,0.37046,0.44321,1.7671,5.27,-2.8707,2.1857,0.99622,2.8234,-2.396,0.17739,0.88344,2.7411,-1.3208,0.71878,0.60567,1.7343,-1.2757,0.082951,0.52387,2.2791,-0.60584,0.91956,0.41868,1.0467,-1.3689,-0.1558,0.46356,1.2879,-0.98508,0.12,0.48012,1.5646,-1.0643,0.2665,0.30714,0.7369,-0.94344,-0.047952,0.28248,0.79704,-0.74653,-0.01267,0.2895,1.0188,-0.6365,0.12295,0.24148,0.73065,-0.61549,0.028098,0.65287,2.1857,-0.1558,0.36713
279.63,326.34,1213.9,77.721,96.943,0.13543,0.28996,0.84567,1.6794,5.3547,-1.8593,2.074,0.70462,2.6281,-1.6454,0.23484,0.72404,2.835,-0.98789,0.59925,0.50827,1.5598,-1.1993,0.21456,0.38774,1.9109,-0.29851,0.77172,0.4613,1.8085,-0.96292,0.28856,0.37957,0.91501,-1.0315,0.0033253,0.28844,0.53069,-0.88578,-0.12816,0.2542,0.79591,-0.61744,0.043377,0.30758,0.89002,-0.80289,-0.095651,0.25701,0.43811,-1.0144,-0.31511,0.21915,0.83045,-0.55292,0.11663,0.63051,2.074,-0.31511,0.31728
110.28,53.857,511.4,82.396,101.51,0.11149,0.25679,0.70064,2.004,5.4059,-2.8496,2.325,0.65381,1.8296,-1.6495,0.38297,0.63834,2.4261,-0.80389,0.56222,0.47725,1.6188,-0.47626,0.56368,0.35759,1.9864,0.012464,0.80138,0.57968,1.9606,-0.92237,0.32258,0.40542,0.57377,-1.3277,-0.1122,0.31184,0.47628,-0.96114,-0.17048,0.28173,0.9249,-0.64012,0.12874,0.30041,0.67181,-0.82783,-0.20089,0.25117,0.27326,-0.88635,-0.27445,0.21239,0.75428,-0.30742,0.14098,0.70462,2.325,-0.27445,0.37246
320.57,414.14,1220.9,78.489,91.725,0.1095,0.25233,0.81633,1.3554,4.7252,-1.665,2.4882,0.59618,2.1388,-1.1506,0.29854,0.67401,2.8354,-1.3454,0.32833,0.55311,1.3591,-1.6045,0.19008,0.43631,2.2806,-0.066986,0.92123,0.45778,1.6118,-0.66604,0.38036,0.42169,0.76105,-1.5093,-0.11606,0.27994,0.72644,-0.80411,-0.017072,0.30056,0.96756,-0.73894,0.036641,0.30649,0.74014,-0.83442,-0.07658,0.25987,0.50407,-0.98017,-0.25117,0.2171,0.85992,-0.37076,0.20652,0.73477,2.4882,-0.25117,0.36575
191.02,170.13,697.97,87.396,108.8,0.089593,0.20527,1.3761,1.8331,5.5091,-2.3611,1.9204,0.54359,2.4147,-0.99447,0.37344,0.87128,3.0119,-1.2901,0.62499,0.72661,1.5303,-1.7443,0.19548,0.27881,1.5543,-0.033983,0.73252,0.39158,0.92342,-0.88659,0.096418,0.28633,0.76491,-0.51964,0.15702,0.33152,0.78923,-1.1566,-0.22574,0.32755,1.0681,-0.66728,0.12663,0.26551,0.8269,-0.50533,0.1468,0.27422,0.70729,-0.69772,-0.07786,0.21105,0.42985,-0.60461,-0.091935,0.57294,1.9204,-0.22574,0.33151
130.64,82.808,507.13,79.892,109.06,0.034703,0.15659,0.49052,1.8426,5.5741,-3.124,1.7224,0.7431,3.5955,-1.7062,0.44887,0.76966,3.2541,-1.0178,0.68308,0.48109,1.6096,-1.6845,0.14205,0.38069,1.647,-0.51324,0.53471,0.38238,1.2937,-1.1708,0.13075,0.38108,0.95839,-1.354,-0.095098,0.27795,0.59071,-1.3262,-0.061594,0.27782,1.2253,-0.93616,0.11345,0.2009,0.6814,-0.4889,0.095453,0.26007,0.50813,-1.098,-0.12968,0.22015,0.74374,-0.66929,-0.013328,0.5176,1.7224,-0.12968,0.29759
104.19,7.0839,133.47,88.972,103.13,0.11981,0.27282,0.61303,1.9696,5.1375,-3.0396,1.7719,0.69295,2.2218,-1.59,0.63601,0.77877,3.184,-1.2968,0.59203,0.45001,1.8356,-0.68711,0.36992,0.40161,2.0635,-0.066198,0.81289,0.50096,1.2208,-0.89272,0.1288,0.47347,1.1864,-1.215,0.068793,0.29642,0.52693,-1.0203,-0.15197,0.33669,1.2939,-0.51909,0.25963,0.26171,0.94663,-0.48754,0.18959,0.26468,0.37638,-0.98794,-0.2351,0.23854,0.70927,-0.5377,0.030163,0.54181,1.7719,-0.2351,0.37272
102.08,6.1465,115.39,90.908,102.64,0.071119,0.19296,0.42308,1.9326,5.4056,-3.1089,2.3653,0.73885,3.1064,-1.4169,0.55092,0.79554,2.8098,-0.91853,0.53096,0.61884,1.6088,-1.5147,0.11218,0.39517,1.9854,-0.29378,0.75744,0.42764,1.0233,-1.2447,0.059273,0.43956,1.0999,-1.4857,-0.19611,0.27844,0.57071,-0.80309,-0.098344,0.35797,1.4529,-0.61166,0.19502,0.21695,0.89874,-0.52019,0.10669,0.3308,0.95026,-0.8792,-0.10998,0.22772,0.75946,-0.54791,0.0357,0.69632,2.3653,-0.19611,0.35909
181.49,176.53,797.21,87.899,112.73,0.042969,0.17726,0.2997,1.5226,5.7788,-2.9066,2.3601,0.69632,2.5467,-1.4123,0.3021,0.63583,2.4649,-1.1792,0.53108,0.58778,1.5407,-1.9264,0.18393,0.43294,2.064,-0.059984,0.72654,0.40677,1.0801,-1.3376,-0.054777,0.32047,0.9565,-1.0513,-0.097681,0.26377,0.90559,-0.84929,0.020329,0.31078,1.2342,-0.7201,0.21353,0.24567,0.79015,-0.80915,0.019256,0.26193,0.56494,-1.0061,-0.1447,0.21454,0.7107,-0.58716,0.08565,0.68491,2.3601,-0.1447,0.34544
132.13,75.114,430.96,90.47,108.06,0.044709,0.22257,0.28509,1.3716,5.0889,-2.8896,2.1192,0.63578,2.4405,-1.5605,0.2615,0.86116,3.129,-0.95987,0.75408,0.44655,1.2801,-1.1304,0.22765,0.38412,1.7253,-0.40097,0.60013,0.40108,1.0425,-1.0852,-0.0011169,0.41904,1.0956,-1.0672,-0.059162,0.26089,0.57016,-0.7438,-0.087063,0.25647,1.2949,-0.43862,0.22576,0.22391,0.64421,-0.60454,0.045946,0.25672,0.44531,-0.93125,-0.22698,0.23194,0.829,-0.5583,0.070902,0.63052,2.1192,-0.22698,0.32757
122.61,78.227,574.44,84.483,103.84,0.079089,0.24948,0.38674,1.5315,5.415,-2.7476,1.8563,0.61331,2.2863,-1.4043,0.34271,0.87697,3.2751,-0.8897,0.75474,0.47063,1.5606,-1.1206,0.23432,0.32968,1.5967,-0.11974,0.60488,0.46357,1.4125,-1.052,0.11845,0.35729,1.1677,-1.1016,0.051046,0.27315,0.61862,-0.78473,-0.10549,0.29423,1.2563,-0.43789,0.19743,0.21378,0.73408,-0.59834,0.12663,0.24913,0.45813,-0.83661,-0.1628,0.2455,0.9318,-0.74798,0.0067164,0.54881,1.8563,-0.1628,0.33541
147.11,110.18,583.24,85.464,112.48,0.054553,0.20238,0.4077,1.6964,5.4595,-2.1543,2.2915,0.71666,2.3845,-1.4352,0.50571,0.83601,3.3618,-1.0244,0.83806,0.45627,1.138,-1.5194,-0.065457,0.37157,1.3561,-0.88279,0.26465,0.56213,1.6849,-1.0618,0.075863,0.44377,0.77919,-1.4091,-0.22872,0.31748,0.94126,-0.73305,0.062355,0.26382,0.97906,-0.5949,0.1008,0.34463,1.1196,-1.0593,0.0077879,0.32367,0.50535,-1.2842,-0.18043,0.22037,0.77834,-0.54983,0.10105,0.68835,2.2915,-0.22872,0.31443
112.32,13.022,156.7,86.269,110.36,0.071442,0.22003,0.49917,1.7111,5.5478,-1.7624,2.0897,0.64738,2.1791,-0.79919,0.58817,0.94691,3.6036,-0.81089,1.0242,0.41516,1.3228,-1.0812,-0.051065,0.44031,1.2242,-1.029,0.14385,0.53642,1.5944,-1.0428,-0.10491,0.32908,0.94714,-1.178,-0.11048,0.28828,0.80014,-0.60396,0.036072,0.24762,0.77037,-0.83031,0.080256,0.35111,1.1585,-0.91392,-0.017587,0.28713,0.47931,-1.1354,-0.17994,0.21866,0.99661,-0.48072,0.1672,0.65761,2.0897,-0.17994,0.30546
141.73,105.24,609.32,86.826,114.27,0.06003,0.16803,0.81437,1.3711,5.1594,-1.674,2.7483,0.62965,2.4032,-1.1415,0.58277,0.87178,3.2904,-1.1032,0.5338,0.43328,1.2527,-1.537,-0.19787,0.4489,1.8093,-0.97978,0.34241,0.45074,1.3591,-1.0763,0.032018,0.32564,0.88642,-1.2482,-0.25583,0.27947,0.7653,-0.79264,-0.015962,0.266,0.90631,-0.59086,0.1588,0.30743,1.0836,-0.82493,0.14323,0.2991,0.62779,-1.0305,-0.093845,0.25381,0.87737,-0.54397,0.13328,0.80139,2.7483,-0.25583,0.34259
106,7.4547,160.31,93.397,105.16,0.061314,0.21557,0.26862,1.6787,5.415,-1.9504,2.3438,0.57206,2.3434,-1.7953,0.5472,0.94682,3.69,-0.77658,1.0533,0.4584,1.6577,-1.5919,-0.074481,0.45133,1.5874,-0.96545,0.27881,0.45594,1.2649,-1.0536,-0.088344,0.40481,1.1809,-1.1513,-0.11977,0.30488,0.83073,-0.93975,-0.023576,0.28721,0.90065,-0.82488,0.052076,0.39453,1.445,-0.92599,0.13543,0.30429,0.45965,-1.1734,-0.21915,0.28266,1.0096,-0.55143,0.20173,0.7215,2.3438,-0.21915,0.34059
310.55,344.13,1211.4,80.873,168.13,0.098798,0.23925,0.4698,1.1747,4.0139,-1.4004,1.8506,0.73792,2.2788,-1.4325,0.17898,1.0902,2.8758,-1.5158,0.71653,0.53455,1.8105,-0.56312,0.56718,0.43146,1.3949,-0.79014,0.35568,0.35506,0.74241,-1.1016,0.043707,0.2947,0.64265,-0.81014,-0.063096,0.28957,0.31456,-0.88999,-0.24625,0.35968,1.1149,-0.46117,0.26532,0.22416,0.41754,-0.76097,-0.082788,0.31067,0.83084,-0.78053,-0.071279,0.26898,1.0201,-0.5141,0.29824,0.5596,1.8506,-0.24625,0.31774
199.61,109.89,784.18,83.25,170.08,0.10122,0.25313,0.28249,1.082,3.7242,-1.5972,1.8185,0.58763,1.8523,-1.3152,0.41517,0.81707,3.1159,-1.3096,0.70585,0.36502,1.2868,-0.79435,0.26257,0.32789,1.3375,-0.38872,0.44393,0.42641,1.1787,-1.0401,0.036311,0.30305,0.85818,-0.73712,0.039443,0.30087,0.40296,-1.0522,-0.15912,0.37619,1.3271,-0.50045,0.3407,0.2423,0.22712,-0.94792,-0.239,0.2246,0.58002,-0.77075,-0.054629,0.30651,1.1126,-0.57962,0.3091,0.54471,1.8185,-0.239,0.32657
265.69,191.26,1062.1,80.895,172.37,0.095175,0.2076,0.4918,1.5621,4.2786,-2.4193,1.6476,0.57161,1.9753,-1.5879,0.26625,0.75328,2.665,-1.1024,0.69093,0.49531,1.3058,-1.2841,0.1768,0.40498,1.5125,-0.58515,0.49058,0.46456,1.2085,-1.2529,0.0076116,0.37981,0.7777,-1.5145,-0.04266,0.28558,0.49697,-0.975,-0.1717,0.34845,1.132,-0.8134,0.19895,0.2591,0.74111,-0.88806,-0.15446,0.23158,0.58959,-0.64268,-0.034094,0.29541,0.98054,-0.45803,0.23091,0.50207,1.6476,-0.1717,0.27556
177.31,10.299,200.16,151.56,178.46,0.11634,0.3731,0.36474,1.5042,4.0489,-3.1155,1.6613,0.84586,2.3825,-1.6398,0.50425,0.82034,2.8488,-1.0268,0.90288,0.45228,1.4729,-1.0526,0.44478,0.34739,1.3172,-0.44591,0.40846,0.54532,1.2586,-1.1015,0.24714,0.34232,0.75301,-0.98625,-0.026243,0.26283,0.56685,-0.85276,-0.071695,0.29211,0.89191,-0.38276,0.25952,0.23957,0.39141,-0.97438,-0.16555,0.27442,0.59922,-0.78393,-0.047962,0.27531,0.95034,-0.30761,0.25829,0.50719,1.6613,-0.16555,0.3646
158.3,56.557,630.38,76.981,149.31,0.095679,0.31252,0.24557,1.1246,4.2023,-2.0205,2.1314,0.7466,2.8931,-1.9856,0.40167,0.82788,2.7327,-1.2669,0.55938,0.43743,1.7811,-0.9329,0.38759,0.45513,1.747,-0.53011,0.52675,0.45261,1.5121,-1.3132,0.063151,0.34378,0.85722,-1.338,0.070646,0.31723,0.65099,-1.1518,-0.22123,0.29894,1.1739,-0.58889,0.35635,0.20048,0.47243,-0.84768,-0.13353,0.27345,0.51516,-1.0349,-0.08596,0.25119,0.97025,-0.37671,0.23135,0.61618,2.1314,-0.22123,0.3573
247.38,167.11,678.42,76.955,149.07,0.07837,0.25503,0.28409,1.8163,4.2154,-3.022,1.596,0.71382,2.9039,-0.80272,0.66732,1.0923,2.7449,-1.718,0.48237,0.58272,1.9156,-1.3575,0.52527,0.48399,1.6664,-0.66521,0.37833,0.3199,0.82108,-0.89237,0.052218,0.28051,0.61139,-0.87187,-0.16005,0.31875,0.58588,-1.0009,-0.20048,0.26756,0.83165,-0.61489,-0.020348,0.25993,0.75882,-0.74232,-0.07976,0.24546,0.46353,-0.84523,-0.1531,0.23552,0.80238,-0.58067,0.2159,0.51169,1.596,-0.20048,0.27531
335.65,247.02,1073.1,81.201,191.21,0.068823,0.18988,0.375,1.3658,4.4522,-2.2315,2.0179,0.76664,3.0124,-1.0498,0.42593,0.86079,2.4409,-1.4392,0.44947,0.50489,1.4783,-0.90913,0.37302,0.27821,1.239,-0.3547,0.47608,0.41019,1.2845,-1.0793,0.019332,0.366,0.59972,-1.3149,-0.05929,0.32828,0.59374,-0.98276,-0.086926,0.33997,1.0407,-0.61755,0.20316,0.25472,0.42425,-1.0801,-0.21175,0.20884,0.38118,-0.8065,-0.11519,0.24073,0.90585,-0.2077,0.24707,0.58993,2.0179,-0.21175,0.31157
231.33,167.74,736.72,77.756,166.27,0.04145,0.13312,0.28504,1.23,4.6038,-1.8418,2.1277,0.69517,2.3229,-1.3237,0.40545,0.74249,2.9659,-1.0379,0.47819,0.38849,1.2886,-0.67565,0.25676,0.27433,1.148,-0.34649,0.44451,0.35895,1.1416,-0.79551,0.047542,0.31382,0.80165,-0.8192,0.030844,0.3494,0.86772,-1.1213,-0.043762,0.28676,0.97784,-0.51482,0.087021,0.25086,0.37782,-1.1079,-0.17384,0.2249,0.5054,-0.69075,-0.080761,0.2358,0.84267,-0.38212,0.14927,0.61028,2.1277,-0.17384,0.31075
231.27,150.13,602.09,76.606,158.79,0.076807,0.19783,0.46296,1.778,5.1082,-2.682,1.8096,0.70168,3.337,-1.0402,0.80557,0.81367,2.5409,-1.3148,0.62819,0.55245,1.6206,-1.1494,0.27287,0.39112,1.4497,-0.54283,0.48151,0.4007,0.97044,-1.2149,0.10983,0.31741,0.81128,-0.92175,-0.054847,0.28397,0.69816,-0.85775,-0.085865,0.30842,0.81919,-0.96575,-0.036833,0.2584,0.54119,-0.9151,-0.1993,0.27721,0.69708,-0.78331,-0.14441,0.24082,0.91433,-0.37853,0.17859,0.56885,1.8096,-0.1993,0.31374
224.56,148.57,679.65,77.903,162.12,0.054609,0.19342,0.34384,1.6339,4.8199,-2.9181,1.6087,0.71424,3.2008,-1.3508,0.65006,0.74775,2.4411,-1.3282,0.59266,0.50247,1.6537,-1.1493,0.26416,0.40796,1.3589,-0.79176,0.43682,0.32963,0.94655,-0.93999,0.088068,0.357,0.85416,-1.1998,-0.039087,0.30235,1.0463,-0.78194,-0.030229,0.24547,0.71733,-0.67565,0.0032483,0.23351,0.49654,-0.82837,-0.16076,0.25805,0.64128,-0.91555,-0.11504,0.24274,0.80712,-0.58425,0.12994,0.49625,1.6087,-0.16076,0.28571
173.53,12.233,190.58,148.76,178.78,0.064981,0.32,0.23669,1.3238,4.0364,-2.7518,1.5965,0.66196,2.8001,-0.81026,0.65413,0.66309,2.5058,-1.4833,0.72013,0.46699,1.4847,-1.2494,0.43726,0.40864,1.6763,-0.63005,0.43973,0.31394,0.79573,-0.82615,0.052044,0.29024,0.67073,-0.9516,-0.068479,0.38305,0.93821,-1.0691,0.051459,0.23921,0.77959,-0.75927,-0.028894,0.28822,0.45766,-1.3586,-0.25869,0.19586,0.37188,-0.70678,-0.083097,0.25647,0.81012,-0.40658,0.20712,0.50944,1.5965,-0.25869,0.30993
508.82,482.1,1467.4,76.196,184.37,0.050969,0.22747,0.22371,1.099,5.1688,-1.968,1.6757,0.59378,2.9645,-1.8626,0.55437,0.8106,2.6626,-2.2814,0.34363,0.46001,1.648,-1.1367,0.32245,0.42227,1.7279,-0.61158,0.42249,0.36238,1.2465,-1.144,0.12559,0.26561,0.75697,-1.0087,0.0071765,0.28912,0.77882,-1.1987,0.0051121,0.26095,0.75517,-1.2574,0.075133,0.28449,0.46009,-1.1448,-0.22002,0.24632,0.68753,-1.0248,-0.12641,0.25275,0.87061,-0.52155,0.17211,0.49472,1.6757,-0.22002,0.27978
191.19,128.01,659.87,80.518,166.4,0.066582,0.19999,0.54902,1.2984,4.7341,-2.1996,1.9745,0.69119,2.7083,-1.3455,0.55048,0.91586,2.2944,-1.7181,0.40043,0.49968,1.5578,-1.2426,0.33939,0.44151,1.9729,-0.68894,0.48657,0.38025,0.95302,-1.0591,0.085105,0.31672,0.70101,-1.0075,-0.10391,0.25566,0.68246,-0.93704,-0.0785,0.24909,0.90102,-0.78504,0.10705,0.30021,0.59011,-1.2628,-0.17301,0.23195,0.54243,-0.74246,-0.03346,0.29322,1.3393,-0.37059,0.32021,0.57461,1.9745,-0.17301,0.3229
239.01,137.86,642.55,81.235,175.82,0.065556,0.20205,0.61433,1.294,4.2813,-2.3657,1.8322,0.66299,2.4394,-1.1665,0.42034,0.81271,2.5479,-1.5281,0.63418,0.39294,1.7775,-0.87404,0.42706,0.38063,1.434,-0.76414,0.44156,0.3209,1.0007,-1.0055,0.028002,0.34742,0.90751,-0.98844,0.0075202,0.39319,0.87488,-1.1967,-0.16323,0.3071,0.97319,-1.0273,0.038461,0.28149,0.69933,-0.81992,-0.171,0.21515,0.34188,-0.80111,-0.18317,0.27529,0.86325,-0.57808,0.18181,0.55767,1.8322,-0.18317,0.29115
143.8,17.818,163.25,76.09,148.27,0.070941,0.25202,0.28235,1.1238,4.4607,-1.9779,2.0961,0.59078,2.8728,-0.82334,0.68073,0.71217,2.7702,-1.3728,0.92618,0.48425,1.7406,-1.1077,0.46878,0.38187,1.5647,-0.81462,0.34433,0.3495,1.1346,-0.64081,0.16622,0.32139,0.8787,-0.90517,0.034005,0.34013,0.73095,-0.98702,-0.1324,0.29694,0.69587,-0.75587,-0.054462,0.2811,0.63324,-0.86761,-0.15281,0.25512,0.4557,-0.99373,-0.23933,0.25928,0.82016,-0.43633,0.19612,0.65063,2.0961,-0.23933,0.36112
170.71,167.02,841.43,84.073,111.06,0.10836,0.29524,0.92025,1.4912,4.7749,-2.5377,1.626,0.69134,2.3273,-1.3379,0.50891,0.99429,3.0804,-1.3777,1.0095,0.75492,1.8448,-1.5115,0.45096,0.39035,1.6684,-0.38925,0.58162,0.39483,1.0237,-0.98042,0.19646,0.28477,0.69221,-0.82507,0.04762,0.28195,0.57634,-0.78096,-0.10637,0.23571,0.7218,-0.43834,0.13304,0.30339,0.74847,-0.67585,0.038582,0.25688,0.35955,-0.67547,-0.19778,0.20077,0.90031,-0.39297,0.1479,0.51837,1.626,-0.19778,0.3697
108.88,32.239,380.68,86.582,103.89,0.12489,0.32856,0.47538,1.6163,4.7547,-3.1467,1.8306,0.78292,2.7445,-1.32,0.52194,1.0017,3.746,-1.3701,0.75055,0.69215,2.0013,-1.4955,0.18838,0.38225,1.8571,-0.25465,0.61803,0.39093,1.2061,-0.82519,0.19959,0.39854,1.4228,-0.97149,0.18027,0.31475,0.64005,-0.87408,-0.12649,0.31626,1.0118,-1.1283,0.12407,0.27543,0.74145,-0.75205,0.036868,0.24606,0.66413,-1.0395,-0.14273,0.2101,0.84841,-0.48412,0.16853,0.5378,1.8306,-0.14273,0.36247
376.28,406.18,1203.6,79.842,109.5,0.089914,0.2641,0.51948,1.5425,4.899,-3.0578,1.7826,0.6415,2.4239,-1.3243,0.48168,0.83646,3.1427,-1.3683,0.55686,0.63421,1.5322,-1.4948,0.11413,0.41285,2.525,-0.38912,0.58042,0.41702,1.5925,-0.99,0.28776,0.29866,1.0496,-0.94189,0.11009,0.28707,0.68165,-0.93552,-0.067469,0.26296,0.96741,-0.64679,0.14814,0.25195,0.74509,-0.63784,0.038947,0.25184,0.809,-0.84918,-0.080146,0.25192,0.98056,-0.5773,0.16692,0.50564,1.7826,-0.080146,0.34333
123.39,73.105,596.06,80.529,108.38,0.082888,0.24366,0.70922,1.6103,4.4328,-2.8339,1.7827,0.77556,2.7318,-2.4361,0.32594,0.92713,3.3174,-1.2236,1.1004,0.52534,1.7253,-1.4421,0.36984,0.34136,1.676,-0.22825,0.62876,0.41593,1.2867,-1.0036,0.2832,0.43563,1.2321,-1.0906,0.1444,0.27293,0.79035,-1.0408,-0.18889,0.32041,0.9411,-0.79503,0.11378,0.23563,0.59379,-0.78892,0.065935,0.2713,0.36715,-0.97858,-0.17733,0.21374,0.83443,-0.42886,0.11287,0.56337,1.7827,-0.18889,0.38013
213.3,63.957,516.23,177.96,200.42,0.039921,0.20225,0.26385,1.295,3.8197,-2.959,1.1034,0.65193,1.6474,-1.418,0.13281,0.62378,2.577,-0.94438,0.72416,0.47207,1.3608,-0.88501,0.28454,0.36868,1.6108,-0.24576,0.61449,0.46341,0.76616,-1.1747,-0.15305,0.40892,1.0378,-1.2596,0.020199,0.30317,0.73023,-0.9058,0.053087,0.39876,1.2075,-0.91357,0.3973,0.23924,0.70559,-0.96365,-0.034184,0.2435,0.77769,-0.67242,0.032638,0.23467,0.85337,-0.27206,0.27664,0.36783,1.1034,-0.15305,0.28767
192.27,6.4369,206.3,179.38,192.24,0.093349,0.39531,0.23669,1.1878,3.1835,-2.2132,1.0652,0.65964,1.673,-1.5078,0.24304,0.97218,3.1379,-0.89541,0.84694,0.45436,1.4859,-0.93039,0.35416,0.28981,1.4481,-0.069917,0.43192,0.38852,0.77116,-1.0105,-0.15037,0.39767,0.88182,-1.0168,0.1157,0.29735,0.60596,-0.85759,-0.039008,0.26847,0.96691,-0.30627,0.36351,0.21337,0.54743,-0.57115,0.020197,0.23856,0.60372,-0.61968,0.017466,0.28422,1.0934,-0.28045,0.41608,0.36119,1.0652,-0.15037,0.30707
203.98,28.848,534.93,174.31,204.17,0.067844,0.31559,0.3211,1.1895,3.2965,-2.5616,1.3001,0.71,1.7458,-1.5533,0.10261,0.69053,2.5312,-0.50976,0.77878,0.41621,1.5443,-0.97076,0.36616,0.35015,1.7665,-0.021475,0.60976,0.45169,1.2703,-1.0936,-0.019858,0.35173,1.2335,-0.70328,0.19921,0.35478,0.8108,-1.0177,0.049992,0.39297,1.2421,-0.59038,0.38777,0.23015,0.53253,-0.69052,-0.086599,0.19832,0.59732,-0.56066,0.071396,0.22238,1.0296,-0.20286,0.30431,0.39717,1.3001,-0.086599,0.33864
181.64,12.576,243.39,155.38,179.85,0.055528,0.31857,0.30058,1.2166,4.0358,-2.9776,1.1156,0.55025,2.1685,-1.0705,0.36393,0.67671,3.3832,-1.0821,0.72752,0.31502,1.3063,-0.68352,0.28184,0.33509,1.4688,-0.25073,0.48003,0.4109,1.1862,-1.1538,-0.039651,0.30788,1.2653,-0.7304,0.073061,0.28633,1.1123,-0.99966,0.064708,0.30646,1.0922,-0.79011,0.21533,0.19,0.59721,-0.68538,-0.051407,0.19125,0.63167,-0.6893,0.043807,0.24735,0.97401,-0.34656,0.27394,0.34428,1.1156,-0.051407,0.29573
177.12,8.3171,194.98,150.59,176.99,0.041965,0.21279,0.27778,1.4032,3.2996,-3.0342,0.85711,0.61582,1.9048,-1.206,0.34578,0.58158,2.8358,-0.69144,0.65476,0.28219,1.1204,-0.67934,0.33905,0.37428,1.8985,-0.40686,0.4323,0.4349,0.84843,-1.4507,-0.13653,0.32735,1.1334,-0.69974,0.060871,0.2824,1.0815,-0.66085,0.14149,0.35144,1.1952,-0.68871,0.28766,0.25329,0.75088,-0.89568,-0.10643,0.20402,0.67552,-0.58899,0.023583,0.23692,0.97649,-0.16831,0.31255,0.29536,0.85711,-0.13653,0.26768
193.7,9.1804,224.29,176.73,192.17,0.054272,0.27654,0.34115,1.307,3.2065,-3.2013,0.93402,0.45018,1.5653,-1.1974,0.39036,0.66082,2.8108,-0.44446,0.89374,0.3676,1.4195,-1.057,0.38886,0.31219,1.3243,-0.060267,0.53512,0.3972,0.83361,-1.2072,-0.082972,0.32316,1.2006,-0.5362,0.15253,0.23455,0.73804,-0.46197,0.14194,0.34036,0.97706,-0.87202,0.15671,0.20155,0.43209,-0.77581,-0.035291,0.18349,0.48371,-0.64109,-0.055057,0.28519,1.0875,-0.42796,0.35069,0.34091,0.93402,-0.082972,0.31422
180.09,44.094,759.47,145.17,175.34,0.082039,0.29709,0.19465,1.2725,3.8802,-3.1052,1.4221,0.74878,2.5305,-1.6592,0.45337,0.71599,2.9224,-1.3731,0.69013,0.44509,1.5708,-0.79403,0.37306,0.43688,1.9737,-0.37571,0.60714,0.40498,1.3126,-1.4824,0.038497,0.39394,1.1747,-1.1974,0.016172,0.28055,0.94437,-0.73061,0.12047,0.32557,1.1791,-0.42258,0.28834,0.27945,0.7503,-1.1002,-0.077574,0.21086,0.5667,-0.69312,-0.0045314,0.28361,1.0856,-0.47388,0.3091,0.4175,1.4221,-0.077574,0.35302
209.05,15.954,256.46,185.62,205.27,0.082775,0.32632,0.3005,1.1006,3.736,-2.4919,1.3655,0.50481,1.7554,-1.0026,0.35692,0.78636,3.4445,-0.4924,1.0304,0.49496,1.6097,-0.82238,0.35315,0.39257,1.4049,-0.3901,0.49542,0.4878,1.1279,-1.3933,-0.052111,0.3953,1.3699,-0.7868,0.20146,0.38017,1.231,-1.1784,0.036939,0.2982,0.95011,-0.6483,0.35266,0.28509,0.85091,-0.79075,-0.038462,0.23768,0.62797,-0.70543,0.018191,0.28071,1.0837,-0.15807,0.42279,0.43208,1.3655,-0.052111,0.37857
174.46,11.55,199.14,150.69,172.36,0.058841,0.22973,0.30593,0.88771,2.7439,-1.7304,1.1864,0.54432,1.928,-0.99019,0.38003,0.71976,3.4931,-0.4038,1.0512,0.39535,1.3743,-0.96463,0.26054,0.30961,1.269,-0.22761,0.386,0.36425,1.2335,-0.71352,0.088739,0.3503,1.2309,-0.76729,0.16265,0.312,0.76242,-0.90522,-0.015184,0.29722,1.0468,-0.65351,0.24737,0.27557,0.53989,-1.1203,-0.084967,0.2402,0.67398,-0.61818,0.0027785,0.24122,1.0907,-0.18103,0.3113,0.39952,1.1864,-0.084967,0.3314
