361.83,225.32,952.54,142.99,237.87,0.058726,0.24247,0.41667,1.5778,4.4349,-3.4658,1.4884,1.0454,1.5433,-2.8817,-0.44963,0.88454,2.794,-1.3686,0.61144,0.626,1.4439,-1.4818,0.054838,0.57161,1.445,-1.4383,0.27569,0.55416,1.1314,-1.0483,-0.081291,0.52725,1.3086,-1.3575,-0.12872,0.40613,1.0089,-1.2719,-0.022765,0.37691,1.0744,-1.3199,0.012582,0.32493,0.90031,-0.80858,-0.030815,0.32547,0.98359,-0.91084,0.0039185,0.30725,0.69636,-0.7577,0.064136,0.48897,1.4884,-0.44963,0.14981
285.79,126.18,698.25,165.21,259.66,0.056192,0.19802,0.42403,1.4679,4.4443,-3.136,1.031,0.86235,1.9173,-2.157,0.11841,1.0747,2.798,-1.5176,0.73828,0.63601,1.3515,-1.4045,0.2583,0.51436,1.4146,-1.3632,0.39085,0.40757,1.0591,-1.009,0.29291,0.43663,0.8728,-1.1209,-0.049676,0.40064,0.8479,-1.5667,-0.24719,0.2618,0.85718,-0.61734,0.089329,0.2634,0.49274,-0.72502,-0.025096,0.28062,0.65038,-0.73834,-0.058615,0.31628,0.69053,-0.91577,0.024507,0.36383,1.031,-0.24719,0.21358
355.41,140.83,726.27,213.64,308.29,0.048865,0.2213,0.51613,1.2285,3.9988,-2.8382,1.4459,0.95076,1.813,-2.7348,-0.39152,0.95768,2.5568,-1.136,0.76836,0.70105,1.5038,-1.8649,0.23074,0.55319,1.3382,-0.7876,0.39581,0.49148,1.0038,-1.2135,0.045454,0.3428,0.84694,-0.85002,-0.060398,0.29642,0.27323,-1.1548,-0.30017,0.24985,0.8579,-0.54462,0.059406,0.31274,1.0443,-0.40472,0.21889,0.27864,0.89844,-0.58324,-0.05992,0.44972,0.85227,-1.5854,-0.005869,0.49875,1.4459,-0.39152,0.19556
430.36,274.91,1084.3,213.95,276.3,0.048502,0.25752,0.30769,1.8401,4.628,-3.4138,1.4938,0.99301,1.9776,-1.8581,-0.18207,0.87997,2.0843,-1.8781,0.32278,0.58624,1.2969,-1.193,0.039468,0.58637,1.6994,-0.96103,0.33044,0.58681,1.4958,-1.3356,0.00015154,0.49573,1.6848,-1.2813,0.14387,0.41749,0.65375,-1.2632,-0.31991,0.36003,0.94547,-0.73885,0.22046,0.28247,0.75111,-0.68583,0.016528,0.27254,0.78113,-0.70815,-0.059668,0.27585,1.0261,-0.42783,0.21057,0.45627,1.4938,-0.31991,0.1847
336.36,191.71,794.01,127.32,228.1,0.050816,0.2049,0.42553,1.8072,4.6048,-3.1574,1.2923,0.8985,2.6838,-1.8962,0.10044,0.96169,2.8607,-1.72,0.68055,0.61978,1.4541,-2.0422,0.036152,0.42663,1.2822,-0.97722,0.19639,0.50832,1.4023,-1.2579,0.064278,0.45271,1.0432,-1.4996,-0.21448,0.34602,1.0252,-1.1539,-0.09695,0.40109,1.1708,-1.3535,0.075444,0.29566,0.58473,-1.3421,-0.093675,0.23286,0.55546,-0.72918,-0.082821,0.28274,0.92512,-0.80614,0.072818,0.41842,1.2923,-0.21448,0.16921
324.26,114.42,748.55,210.82,282.67,0.057466,0.24832,0.36554,1.7302,5.1882,-3.0532,1.4523,0.92194,1.9655,-2.6598,-0.17242,0.91165,2.5758,-1.5586,0.4552,0.60235,1.449,-1.6415,0.062385,0.44708,1.6446,-1.1152,0.27422,0.50122,1.4534,-1.5571,-0.056784,0.48109,1.4459,-1.0625,-0.11159,0.28462,0.79072,-1.2632,-0.18693,0.40097,1.5451,-1.1008,0.14204,0.30767,0.7779,-0.81964,-0.018445,0.30095,0.82572,-0.83405,0.016741,0.30695,1.0368,-0.53865,0.17777,0.44552,1.4523,-0.18693,0.16954
338.06,163.78,885.74,142.8,277.69,0.06162,0.23042,0.35088,1.6185,4.3874,-2.5125,1.2686,0.83458,1.6996,-1.9821,0.026632,0.82738,3.3915,-0.74946,0.6733,0.5924,1.1165,-1.2017,0.0099795,0.49505,1.5808,-1.0848,0.33639,0.45088,1.0875,-1.1367,0.11369,0.60663,1.5617,-1.3407,-0.065651,0.40119,0.80383,-1.0644,-0.17855,0.42032,0.87976,-0.98709,0.023235,0.25719,0.53282,-0.64836,-0.019834,0.3995,0.6404,-1.1864,-0.10237,0.31796,0.79146,-0.9655,0.029231,0.41181,1.2686,-0.17855,0.17622
226.08,58.487,480.37,91.964,211.61,0.06023,0.1928,0.43636,1.9585,5.0297,-3.319,1.4753,0.74046,1.887,-1.6077,-0.026631,0.96359,3.5506,-1.1627,1.1238,0.55063,1.5731,-1.2572,0.26641,0.29368,1.3723,-0.57592,0.25823,0.4016,0.90627,-0.88266,-0.030965,0.50978,1.1974,-1.1873,-0.082499,0.35667,0.65573,-1.1209,-0.14211,0.45269,0.89069,-1.275,-0.086886,0.31033,0.84286,-0.65153,0.0077394,0.3261,0.6813,-1.0807,-0.18381,0.24792,0.75606,-0.5799,0.086376,0.52768,1.4753,-0.18381,0.22208
220.27,73.361,548.23,92.155,199.49,0.058037,0.19416,0.43344,1.9504,4.427,-3.6558,1.3151,0.69037,1.6897,-1.8744,0.18962,0.9425,3.3737,-1.0378,0.97058,0.52167,1.965,-1.2274,0.24656,0.38394,1.4838,-0.87988,0.18145,0.46338,1.3051,-0.9231,0.19797,0.45259,1.5926,-1.0157,0.045243,0.3443,0.70717,-1.3574,-0.14519,0.40919,1.1542,-1.1067,0.053848,0.31317,0.77519,-0.87643,-0.076687,0.31838,0.69627,-1.0689,-0.15008,0.27581,1.0143,-0.71675,0.11924,0.44568,1.3151,-0.15008,0.24564
322.36,201.71,750.24,136.31,195.17,0.05788,0.2273,0.37815,1.6845,4.9605,-3.8013,2.033,1.0385,2.5787,-2.3436,0.052867,1.0272,3.4341,-1.6538,0.51008,0.67882,1.587,-1.7018,-0.14596,0.39342,1.2615,-1.1516,0.29516,0.5134,1.5597,-1.1483,0.07104,0.47865,0.8441,-1.3831,-0.22361,0.32065,0.81246,-1.0795,-0.065209,0.43625,1.052,-1.0321,0.041687,0.37273,1.0652,-0.76173,0.041556,0.2662,0.52149,-1.0202,-0.1674,0.27831,0.63757,-1.368,0.04023,0.60926,2.033,-0.22361,0.20696
271.17,99.062,667.52,154.82,241.39,0.046858,0.16579,0.47619,1.4281,4.8153,-2.927,1.7943,1.0049,3.2485,-2.6559,0.056773,1.0653,3.1944,-2.4614,0.54007,0.69495,1.4613,-2.4809,-0.030594,0.50032,1.9154,-1.2846,0.35732,0.48684,1.3459,-1.1223,0.097582,0.52813,1.2971,-1.5185,-0.17279,0.35637,0.97933,-1.115,-0.081119,0.36077,1.1417,-0.75362,0.12065,0.27015,0.73685,-0.83987,-0.061925,0.26136,0.78325,-0.71178,-0.033583,0.2689,0.75889,-0.7402,0.13357,0.53169,1.7943,-0.17279,0.22669
342.47,240.24,969.7,150.67,218.6,0.052368,0.21704,0.37559,1.6704,4.8684,-2.9551,1.7223,0.82208,1.8732,-2.3825,0.025755,1.2204,3.9309,-1.3846,1.166,0.51682,1.1974,-1.7249,0.11273,0.42093,1.385,-0.78556,0.24701,0.50632,1.7014,-0.95736,0.29819,0.41495,0.96332,-1.5422,-0.1675,0.29923,0.73541,-1.0921,-0.085859,0.38931,1.0346,-1.1587,0.012661,0.2956,0.80806,-0.75493,-0.013255,0.3327,0.95714,-1.1833,-0.16655,0.29607,0.72978,-1.0555,-0.032514,0.58333,1.7223,-0.1675,0.25991
251.29,82.788,565.51,150.65,246.08,0.048225,0.20951,0.34483,1.4962,4.4878,-1.8248,1.5751,0.78984,1.9431,-2.1648,0.11592,0.91632,3.028,-0.8276,1.0365,0.43827,1.0948,-1.0428,0.14352,0.41657,1.3017,-1.0611,0.18345,0.59999,1.4265,-1.3041,0.2875,0.49418,1.2898,-1.5304,-0.098366,0.33963,0.62162,-1.0993,-0.19965,0.3126,1.0885,-0.60263,0.068794,0.30901,0.91146,-0.68529,0.011688,0.28906,0.71652,-0.71167,-0.11097,0.31219,0.81446,-0.83672,0.089255,0.52032,1.5751,-0.19965,0.25856
318.34,122.82,662.35,171.39,285.64,0.055894,0.24347,0.33003,1.5294,4.3419,-2.3616,1.383,0.86253,1.9708,-2.5309,0.037588,0.92864,2.9598,-1.062,0.82955,0.46181,1.1028,-1.3107,0.094439,0.43915,1.3834,-1.0538,0.10566,0.6373,1.7419,-1.6293,0.2081,0.50163,1.3077,-1.3366,0.011536,0.40031,0.95247,-1.1924,-0.24155,0.36177,1.2551,-0.7331,0.061552,0.33634,1.0707,-0.72198,0.013703,0.28228,0.69844,-1.0193,-0.15469,0.31269,0.86621,-1.0486,0.043032,0.45497,1.383,-0.24155,0.19932
314.27,41.722,542.04,237.41,314.27,0.042172,0.15057,0.54645,1.2607,4.413,-2.6912,0.83962,0.92306,1.6572,-2.4038,-0.091017,0.70306,2.2847,-0.87906,0.38615,0.60157,1.65,-1.6218,0.047061,0.61698,1.3615,-1.1551,0.15589,0.60054,1.1405,-1.5358,-0.24205,0.34681,1.0236,-0.77656,0.14878,0.37514,0.57172,-1.21,-0.19497,0.29981,1.0119,-0.51514,0.10396,0.34392,0.82295,-0.79854,-0.040139,0.24774,0.80718,-0.58332,0.10067,0.30274,0.88584,-0.88519,0.13145,0.2855,0.83962,-0.24205,0.11212
404.09,60.354,693.85,266.38,412.87,0.072822,0.30255,0.25641,1.1333,3.4379,-1.904,0.59795,1.0398,2.1377,-2.904,-0.54756,0.65894,2.1169,-1.3263,0.23574,0.60977,1.1203,-1.8933,-0.19463,0.48122,1.3306,-1.1929,0.017876,0.5072,1.3618,-1.6443,-0.14972,0.36612,1.1532,-0.98694,-0.0073895,0.33125,0.59733,-1.1788,-0.28463,0.40975,0.6811,-1.7093,-0.13963,0.37403,0.4275,-1.642,-0.37503,0.60824,1.0747,-1.9066,-0.30178,0.5358,0.94451,-1.5867,-0.32251,0.30592,0.59795,-0.54756,-0.12261
360.69,71.521,735.57,231.18,368.89,0.031125,0.17953,0.31579,1.36,4.1552,-2.1029,1.0819,0.88892,2.1747,-2.3874,-0.13002,0.87009,2.4435,-1.2885,0.57004,0.72322,1.9035,-1.2743,0.061115,0.53814,1.5077,-1.5619,0.1993,0.45702,1.127,-0.9763,0.0051666,0.2648,0.91447,-0.52678,0.10858,0.38843,0.67877,-1.3559,-0.33218,0.34426,0.91624,-0.59118,0.10372,0.28611,0.61408,-0.79607,-0.077241,0.32865,0.61129,-1.1418,-0.23234,0.38574,0.82884,-1.2068,0.0095425,0.38053,1.0819,-0.33218,0.11396
468.92,218.09,1131.4,267.95,390.15,0.05746,0.26248,0.23346,1.2083,4.7418,-0.92573,1.1898,1.2731,1.5124,-3.3999,-0.47856,0.59952,1.612,-1.2456,0.064391,0.58357,1.4148,-1.0553,0.027966,0.46998,0.91342,-1.1487,0.0026526,0.57153,1.8416,-1.271,0.074181,0.39207,1.2546,-0.82197,0.11038,0.42005,0.56559,-1.469,-0.2366,0.37657,0.77185,-1.3136,0.02623,0.4585,0.43897,-1.865,-0.3521,0.3718,0.60839,-1.4023,-0.18421,0.49006,0.67773,-1.3585,-0.053651,0.41358,1.1898,-0.47856,0.015871
355.22,82.376,697.48,218.27,335.41,0.071788,0.27177,0.41667,1.6673,5.0098,-3.7621,1.1267,0.75449,1.6087,-2.1156,-0.0002501,0.88845,2.7236,-2.0913,0.23091,0.60363,1.7815,-1.5912,0.046015,0.45834,1.2951,-0.98419,0.063456,0.48152,1.3755,-1.2798,-0.20367,0.32953,1.0557,-0.81649,0.16031,0.40733,0.61452,-1.6678,-0.20896,0.31914,0.83025,-1.0229,0.0087091,0.44912,1.1704,-1.5484,-0.12217,0.37556,0.64581,-1.339,-0.12163,0.50064,1.3461,-1.4428,0.11637,0.35457,1.1267,-0.20896,0.091312
436.51,42.55,507.2,333.33,435.71,0.048203,0.2375,0.28708,1.4433,3.6197,-2.9771,0.94506,1.0297,1.9693,-2.7608,0.18635,0.81417,2.3597,-1.7519,0.26986,0.72062,1.3713,-1.7647,0.019264,0.40339,1.7555,-0.73805,0.23645,0.57096,1.2501,-1.1217,0.072475,0.44683,1.2592,-1.1735,0.024137,0.40623,0.96923,-1.5296,-0.19784,0.41227,0.72036,-1.1948,-0.11118,0.51546,0.81442,-1.8344,-0.36346,0.63334,0.64781,-1.9174,-0.44387,0.58348,0.87965,-1.6202,-0.10774,0.36077,0.94506,-0.44387,0.044124
325.43,93.207,650.68,192.65,301.52,0.054733,0.24105,0.4058,1.6355,3.9849,-3.1469,0.92441,0.74675,1.9841,-2.006,0.26973,0.7784,2.2703,-1.4159,0.6389,0.64766,1.721,-1.6918,0.1469,0.47429,1.4718,-1.2384,0.044703,0.51483,1.6784,-1.0295,0.16554,0.37207,1.2478,-0.73517,0.18971,0.50226,0.76577,-2.1363,-0.2678,0.37668,1.0549,-1.3874,0.024695,0.38329,0.74267,-1.3872,-0.18584,0.37037,0.79714,-1.8922,-0.052844,0.35344,1.4931,-1.0903,0.14928,0.33099,0.92441,-0.2678,0.17062
352.64,94.065,758.38,234.69,337.06,0.053032,0.22247,0.37471,1.3671,4.4216,-1.8105,1.432,1.0668,2.7234,-2.3944,-0.044042,0.92227,2.7223,-2.2778,0.16395,0.54546,1.8291,-1.4092,-0.02491,0.45083,1.2875,-1.0066,0.094024,0.45559,1.1437,-1.556,0.022674,0.34172,0.94949,-0.77902,0.12435,0.46654,0.67405,-1.8958,-0.21749,0.38992,1.4414,-1.1382,0.021501,0.35364,1.0281,-1.4851,-0.032575,0.48986,0.85446,-2.3895,-0.066937,0.41737,1.3222,-1.6295,0.17786,0.42242,1.432,-0.21749,0.13753
318.98,94.786,850.99,216.14,292.9,0.027455,0.13327,0.53476,1.4056,5.3664,-1.766,1.8465,1.2736,2.8174,-3.5981,0.022329,0.80236,2.2492,-1.7949,0.30194,0.66082,1.6734,-1.8726,0.15821,0.53956,1.7493,-1.3638,0.23045,0.48166,1.577,-1.2816,0.10698,0.40024,0.99092,-0.95012,0.13557,0.38901,0.67395,-1.4561,-0.15759,0.3101,0.96044,-0.84224,0.074061,0.30496,0.56897,-1.1834,-0.12473,0.41305,0.70939,-2.2067,-0.04663,0.37723,0.94238,-1.4047,0.21356,0.5281,1.8465,-0.15759,0.23005
356.31,95.642,637.08,188.27,342.55,0.058394,0.25434,0.35088,1.4234,4.1986,-2.3263,1.4751,0.85037,2.2888,-2.0304,0.27575,0.9186,3.0512,-1.4606,0.69921,0.63984,1.4134,-1.6632,0.04253,0.41862,1.1755,-1.2153,0.036754,0.57375,1.3708,-1.7798,0.041245,0.37448,1.0525,-1.0295,0.12331,0.46729,0.97898,-1.6195,-0.28027,0.41945,1.0931,-1.6056,0.009182,0.33988,1.0861,-0.95581,-0.1876,0.41077,1.6057,-1.32,-0.087136,0.49594,1.9066,-1.3248,0.10345,0.47393,1.4751,-0.28027,0.18763
320.74,75.417,530.64,209.28,291.9,0.040734,0.21679,0.25157,1.7093,4.6268,-2.7247,1.4398,1.0086,2.0427,-2.8196,0.21746,0.86385,2.9903,-1.299,0.77706,0.62104,1.8844,-1.3797,0.12671,0.48411,1.6723,-0.97587,0.10196,0.47029,1.56,-0.79607,0.12399,0.37012,1.2237,-1.067,0.16796,0.42352,0.90025,-1.6111,-0.23515,0.36267,0.96386,-1.1601,0.076839,0.30287,0.64991,-1.5591,-0.20256,0.4391,0.81353,-2.3897,-0.034309,0.32468,1.24,-0.98466,0.17919,0.45772,1.4398,-0.23515,0.22825
348.38,64.271,486.9,235.06,341.97,0.044525,0.22899,0.25445,1.2859,4.7351,-1.6534,1.3389,0.84837,2.4023,-1.6494,0.40727,0.92484,2.7139,-1.2157,0.84973,0.55495,1.1338,-1.4747,0.01008,0.428,1.2864,-0.88477,0.2005,0.58005,1.8698,-1.2485,0.1656,0.31864,0.91247,-0.98623,0.086054,0.48978,0.93037,-1.3481,-0.26066,0.34808,0.82953,-1.2936,0.065988,0.36308,0.91731,-1.3208,-0.23121,0.52261,0.65226,-2.1722,-0.11957,0.32213,1.0968,-1.126,0.13532,0.46022,1.3389,-0.26066,0.22067
338.72,150.74,1038.5,215.51,293.3,0.034005,0.1839,0.26549,1.6308,5.0097,-2.8966,1.3365,1.2507,1.9862,-3.398,-0.76786,0.68387,2.51,-0.58417,0.76467,0.62293,1.1039,-1.5738,-0.042139,0.52676,1.7275,-0.68597,0.47636,0.47571,0.71674,-1.9392,-0.49159,0.36272,1.1077,-0.71026,0.14568,0.46882,0.90178,-1.4321,-0.22106,0.37844,1.1952,-0.65539,0.15169,0.24974,0.57919,-0.83074,-0.076554,0.32512,0.90567,-0.46082,0.29584,0.25542,0.73573,-0.60867,0.045757,0.55609,1.3365,-0.76786,0.13478
314.07,94.192,560.07,213.43,280.8,0.031935,0.16503,0.23952,1.2686,4.9323,-0.91447,1.6456,1.0258,1.5312,-3.9596,-0.20815,0.99995,2.9848,-1.0809,1.2202,0.69591,1.2335,-1.5084,-0.031746,0.31762,1.1792,-0.382,0.48816,0.45742,0.67319,-1.0866,-0.28107,0.39818,1.4059,-0.96007,-0.025228,0.42706,0.63956,-1.199,-0.16729,0.3292,0.97022,-0.55343,0.10109,0.29994,0.67414,-0.96495,-0.033655,0.35941,0.81387,-0.93952,0.16887,0.29151,1.1177,-0.38623,0.25148,0.5935,1.6456,-0.28107,0.26069
303.12,72.315,623.53,235.14,284.25,0.031153,0.20363,0.28571,1.1202,4.1959,-1.1683,1.4959,1.537,2.5283,-3.7225,-0.687,0.74618,2.693,-1.3223,0.89283,0.57954,1.2949,-1.2328,0.080993,0.38453,1.3291,-0.62907,0.44154,0.48649,0.84633,-1.3385,-0.25347,0.33058,1.0529,-0.55739,0.11645,0.43116,0.81894,-1.4306,-0.15091,0.36889,1.5495,-0.39619,0.19109,0.2826,0.52899,-0.73508,-0.057323,0.28933,1.1775,-0.50881,0.28484,0.32888,1.1662,-0.81829,0.07889,0.55942,1.4959,-0.687,0.20282
338.01,95.663,693.82,211.09,320.14,0.051185,0.1986,0.41131,1.7683,5.1526,-3.5145,1.2001,1.0761,1.9911,-3.6767,-0.29861,0.80565,2.4072,-1.4164,0.62197,0.78049,1.4922,-3.2903,-0.34422,0.49335,1.5997,-1.045,0.40474,0.47429,0.75309,-1.7716,-0.47084,0.36436,1.4408,-1.0022,0.012851,0.42974,0.71064,-2.0282,-0.0829,0.31363,0.76056,-1.2041,-0.033137,0.34785,0.67857,-1.5703,-0.14879,0.32166,0.98244,-1.1132,0.18037,0.48049,0.89955,-2.2361,-0.060657,0.46774,1.2001,-0.47084,0.081739
401.9,143.83,843.41,231.44,364.8,0.041623,0.17598,0.41096,1.702,5.4781,-3.6266,0.98681,1.0914,2.0995,-3.6105,-0.40424,0.86657,2.78,-1.4822,0.6613,0.78914,1.1236,-2.7527,-0.36695,0.43655,1.3964,-1.1631,0.34929,0.5591,0.80092,-1.8828,-0.62896,0.43906,1.3642,-0.91391,0.11931,0.43632,0.75424,-1.9556,-0.18535,0.3567,1.0761,-1.0597,0.00057298,0.38317,0.94206,-1.319,-0.093926,0.36344,0.95114,-1.122,0.1006,0.57568,1.0434,-2.0974,-0.18095,0.45889,0.98681,-0.62896,0.029791
408.99,88.081,743.05,181.91,398.35,0.05369,0.22452,0.33333,1.3083,3.4422,-2.9971,0.7004,1.2086,1.733,-3.442,-0.50435,0.85007,2.7983,-1.2082,0.8238,0.77083,0.90118,-2.1493,-0.51214,0.3104,1.33,-0.3298,0.47421,0.61216,1.0824,-2.205,-0.58424,0.46454,0.96999,-1.1319,-0.064059,0.55213,0.72427,-1.8036,-0.2441,0.40743,0.75935,-1.252,-0.12628,0.55463,0.56766,-1.9227,-0.2968,0.41033,0.52297,-1.5862,-0.12427,0.49337,0.76733,-1.6647,-0.25916,0.47286,0.8238,-0.58424,-0.059749
254.17,36.106,363.55,194.46,251.06,0.06623,0.20805,0.38462,1.5571,3.9906,-2.9855,1.6661,1.1055,2.0253,-3.1032,-0.13077,0.78569,2.8938,-0.65408,1.0544,0.64038,1.3375,-1.6938,0.11868,0.43018,1.7605,-0.58365,0.58892,0.47888,1.1396,-1.4832,-0.21104,0.43335,1.0918,-1.3422,0.11293,0.39443,0.77901,-1.3637,-0.16864,0.31095,0.87753,-0.65195,0.11498,0.24669,0.46279,-0.80272,-0.069609,0.24177,0.87803,-0.39329,0.22532,0.28131,1.0417,-0.63597,0.13958,0.56028,1.6661,-0.21104,0.28674
319.85,77.518,595.08,177.3,295.87,0.067259,0.19575,0.40678,1.5282,3.8867,-4.1975,1.3024,0.86304,2.5368,-2.6052,0.0065327,0.88401,3.148,-0.97345,1.3061,0.72433,1.1638,-2.0992,-0.25939,0.42849,1.5343,-0.7821,0.33275,0.60091,1.1158,-1.6546,-0.42961,0.31711,0.99012,-0.71756,0.2486,0.4498,0.65301,-1.6903,-0.20552,0.35792,0.90922,-0.92661,-0.070886,0.2603,0.72169,-0.9212,-0.013021,0.34914,0.9886,-1.0264,0.1569,0.41282,0.79139,-1.4251,-0.054473,0.56025,1.3061,-0.42961,0.19336
211.93,23.615,275.31,164.88,217.66,0.085993,0.25454,0.34682,1.3744,4.8232,-1.2781,2.0322,1.3048,2.595,-3.3192,-0.041208,0.96815,3.1938,-1.7355,0.69602,0.55586,1.5612,-1.3308,0.074407,0.46919,1.8468,-0.56182,0.57545,0.39013,0.93131,-1.1587,-0.13621,0.36399,0.92099,-0.97285,-0.095722,0.3588,0.92171,-1.0033,0.12896,0.33755,0.88477,-1.0776,-0.048055,0.27236,0.98567,-1.118,-0.065899,0.26741,1.0022,-0.60842,0.12778,0.22198,0.84927,-0.39076,0.16568,0.60875,2.0322,-0.13621,0.28445
277.55,54.205,381.49,202.39,256.97,0.041402,0.17463,0.18927,1.2119,4.4144,-1.3707,1.8543,1.503,3.3227,-3.7921,-0.36774,0.94909,3.2841,-1.8227,0.72614,0.8462,1.5591,-2.9024,-0.20254,0.56042,1.9813,-1.2825,0.62367,0.48885,1.0541,-1.5445,-0.27551,0.36793,0.73131,-1.2037,-0.041739,0.38011,0.882,-1.1444,-0.0050854,0.36085,1.4403,-0.9772,0.0061877,0.27518,0.51386,-1.0082,-0.074841,0.26167,0.93698,-0.44177,0.17638,0.31867,1.0194,-0.76215,0.14914,0.61184,1.8543,-0.36774,0.21403
316.45,96.27,821.37,215.44,288.33,0.055385,0.21642,0.32787,1.1949,5.2761,-1.1313,1.4351,1.2868,1.7551,-3.3849,-0.49191,0.85141,2.9941,-1.3301,0.60942,0.72115,1.5672,-1.8451,-0.17986,0.45737,1.801,-0.75613,0.64303,0.50528,0.88889,-1.8092,-0.48407,0.42925,1.153,-0.88364,0.16053,0.46519,0.71275,-1.7419,-0.21195,0.37114,1.0883,-0.89569,0.1384,0.26421,0.68767,-0.73473,-0.069638,0.31159,1.2008,-0.67193,0.20308,0.28538,0.85171,-0.71889,0.040939,0.54126,1.4351,-0.49191,0.14942
259.92,40.731,550.48,204.77,253.21,0.074015,0.22822,0.54945,1.1726,4.4948,-2.6944,1.6353,0.9533,2.8706,-3.1955,-0.063289,0.8942,3.1163,-0.85407,1.3523,0.7101,1.2755,-1.999,-0.14307,0.44146,1.5478,-0.70659,0.44569,0.56167,1.0852,-1.9392,-0.48861,0.36345,1.086,-0.83601,0.16515,0.37856,0.59155,-1.018,-0.25242,0.37555,1.0574,-0.8709,0.098746,0.26709,1.0284,-0.68025,0.035465,0.32369,1.1121,-0.6693,0.21125,0.29482,0.88671,-0.46131,0.14945,0.62589,1.6353,-0.48861,0.26217
331.4,71.969,635.54,202.68,316.94,0.062489,0.2113,0.42945,1.3137,4.5368,-2.0318,1.2855,1.08,2.3921,-2.8968,-0.087049,0.82219,2.7449,-0.49007,1.1427,0.71977,1.0274,-1.8394,-0.31633,0.40316,1.7951,-0.54164,0.50723,0.63494,0.88064,-2.3786,-0.40847,0.42909,0.94473,-1.1868,0.026285,0.39984,0.642,-1.1108,-0.20066,0.26936,0.81276,-0.83278,-0.044059,0.31755,0.55324,-1.254,-0.087886,0.36498,0.95903,-0.88649,0.15803,0.59697,1.0044,-1.841,-0.066238,0.54494,1.2855,-0.40847,0.1591
729.18,427.77,1304.2,143.68,998.15,0.049447,0.1707,0.36101,1.6769,3.6129,-3.166,1.2347,0.99862,1.1846,-3.2362,-0.82972,0.83215,2.8557,-1.2169,0.27532,0.54235,1.1282,-1.3437,-0.013069,0.33171,1.4435,-0.58495,0.48387,0.38133,1.1575,-0.76405,0.0085687,0.39216,1.2443,-0.8099,0.1162,0.34218,0.61066,-1.2087,-0.10643,0.34772,0.9149,-1.1,-0.11156,0.27979,0.75528,-0.6848,0.054738,0.22438,0.55143,-0.62606,-0.083652,0.26152,0.89051,-0.72124,0.046963,0.47444,1.2347,-0.82972,0.089659
531.17,403.88,1193.4,116.19,223.07,0.053066,0.18332,0.41543,1.8607,4.2062,-3.6117,1.3568,0.94692,1.7915,-3.635,-0.44154,0.98113,3.0952,-0.94699,0.53865,0.74765,2.0128,-2.2717,-0.07501,0.43304,1.9527,-0.5246,0.48586,0.47273,1.5376,-0.75456,0.32143,0.39456,0.76978,-0.96845,-0.027651,0.38009,0.90747,-1.1806,-0.17846,0.34139,0.56062,-1.3351,-0.1098,0.29629,0.98877,-0.32337,0.19099,0.30093,0.42948,-1.3036,-0.18218,0.27923,0.71001,-0.54737,0.088548,0.47392,1.3568,-0.44154,0.16397
398.09,302.26,1099.4,82.301,228.5,0.065442,0.19684,0.36697,1.5902,3.8451,-2.6579,1.1423,0.88438,1.5445,-2.6429,-0.28097,0.89059,2.7643,-1.4675,0.43827,0.57658,1.2439,-1.2846,-0.20323,0.45038,1.314,-1.4025,0.17605,0.34473,1.0007,-0.724,0.21418,0.43167,0.96735,-1.4406,-0.083382,0.34753,0.81414,-1.2817,-0.12995,0.33319,0.89925,-1.1628,-0.089484,0.3062,0.84365,-0.76797,0.1388,0.26627,0.6652,-1.0016,-0.12521,0.25575,0.84762,-0.46847,0.11429,0.385,1.1423,-0.28097,0.1093
598.19,347.45,1154.7,201.39,371.08,0.061268,0.30859,0.26316,1.6162,4.9738,-2.5376,1.6291,1.3889,1.6687,-4.6024,-0.71024,0.76546,2.2752,-1.2263,0.26698,0.66142,1.437,-1.7943,-0.14947,0.37651,1.6017,-0.51823,0.35936,0.47384,1.1621,-1.3923,0.15384,0.48108,1.0355,-1.2798,-0.050275,0.3113,1.107,-0.71735,-0.060128,0.33977,0.8438,-0.85786,-0.028333,0.26718,0.89096,-0.53847,0.16179,0.25614,0.46866,-0.72645,-0.07672,0.21996,0.70349,-0.4152,0.071163,0.54308,1.6291,-0.71024,0.13059
282.78,112.84,712.94,113.63,265.18,0.022789,0.13813,0.3352,1.7017,4.4531,-3.0515,1.4533,0.92914,2.9647,-3.0061,-0.15632,0.78847,2.4142,-1.2331,0.57264,0.59503,1.4127,-2.7673,-0.035778,0.34341,1.3933,-0.61373,0.40007,0.37878,1.3294,-0.79504,0.26363,0.43796,0.72492,-2.0155,-0.35977,0.31545,0.79767,-1.0266,-0.13656,0.30831,0.92667,-1.0934,-0.034002,0.27632,0.6524,-1.0131,-0.081326,0.2911,0.68684,-1.1522,-0.083562,0.24519,0.88509,-0.72408,0.10456,0.48299,1.4533,-0.35977,0.15891
696.57,407.71,1117.1,168.12,1004.3,0.02765,0.23715,0.2649,1.9711,4.4218,-3.2581,1.0858,1.1246,1.8799,-3.7099,-0.30526,0.86535,2.6078,-1.0505,0.50707,0.42458,0.97526,-1.8001,-0.020895,0.40322,1.1888,-0.91336,0.27778,0.50287,1.7252,-0.74528,0.27855,0.39394,1.0712,-0.8476,0.12936,0.22385,0.462,-0.69441,-0.101,0.27279,0.57764,-0.81843,-0.095334,0.25521,0.72284,-0.71247,0.069279,0.25455,0.51166,-0.85131,0.020931,0.25488,0.76741,-0.47473,0.047653,0.36043,1.0858,-0.30526,0.15783
421.36,297.69,1044.7,160.54,272.36,0.036769,0.23053,0.25751,1.7102,4.2989,-2.6642,1.5956,1.3362,4.0883,-3.6957,-0.30857,0.92808,3.2229,-1.127,0.53722,0.62699,1.1784,-2.2449,-0.15472,0.40433,1.5067,-0.63819,0.32289,0.4543,1.4462,-0.82826,0.26353,0.47386,0.9372,-1.3975,-0.23809,0.28816,0.73015,-0.82088,-0.077252,0.36217,1.0056,-0.92572,-0.029881,0.28965,0.86454,-0.81337,0.068987,0.2973,0.6893,-0.85263,-0.080664,0.27097,0.79853,-0.76768,0.013416,0.51325,1.5956,-0.30857,0.15937
688.46,442.17,1223.1,115.73,749.69,0.041061,0.32271,0.23529,1.3513,4.5048,-1.8158,1.9732,1.3812,3.0246,-4.4869,-0.50423,0.88134,3.3371,-1.5496,0.45582,0.67101,1.5873,-2.2109,0.021114,0.50026,1.5264,-1.4995,0.36169,0.51458,1.6929,-0.91478,0.27431,0.44182,0.73094,-1.8745,-0.29635,0.37521,0.94499,-1.4436,-0.075462,0.41092,1.3798,-1.1688,0.05416,0.33732,1.061,-0.8842,-0.05726,0.24092,0.74265,-0.73632,-0.086284,0.28265,1.1014,-0.56422,0.19357,0.62235,1.9732,-0.50423,0.19286
377.35,102.73,631.43,181.18,385.35,0.036718,0.23922,0.39526,1.5975,4.0802,-2.7597,1.6385,1.0154,1.5926,-3.3601,-0.40324,0.93829,3.0464,-0.83279,0.94453,0.51218,1.32,-1.3733,0.10521,0.40654,1.6915,-1.1694,0.23508,0.41405,1.5522,-0.6424,0.23831,0.51461,0.92981,-2.2497,-0.24962,0.34461,0.53071,-1.1349,-0.22547,0.32747,0.81173,-1.1734,-0.058999,0.30827,0.62878,-0.81408,-0.058944,0.28823,0.63992,-1.001,-0.070421,0.34609,0.81047,-1.6579,0.14598,0.57131,1.6385,-0.40324,0.18674
269.66,68.377,340.57,161.46,313.22,0.024865,0.17492,0.24096,1.5145,4.2939,-2.0635,1.5731,1.0571,2.0663,-3.8078,-0.24657,1.0669,3.4372,-1.3518,0.90533,0.51899,1.3404,-2.2774,-0.039193,0.42264,1.8606,-0.58992,0.38455,0.44492,2.0781,-1.0581,0.33059,0.44004,0.81811,-1.8284,-0.2358,0.40176,1.2624,-1.0324,-0.038967,0.37146,0.87106,-1.2457,-0.15466,0.29006,1.0431,-0.83106,0.056809,0.2489,0.72505,-0.93864,-0.079854,0.28403,0.76765,-1.1761,0.037119,0.53836,1.5731,-0.24657,0.20771
462.39,294.99,1084.9,197.38,284.61,0.044012,0.19584,0.41451,1.5788,4.7406,-3.0365,1.906,1.109,1.6747,-3.4128,-0.59381,0.76614,2.0932,-1.4855,0.60361,0.56494,0.80906,-1.9344,-0.19608,0.49681,0.90498,-1.6779,-0.067975,0.46893,1.6846,-1.0432,0.13483,0.42594,0.95929,-1.1903,-0.0092251,0.41485,1.0204,-0.92598,0.14027,0.28861,0.66679,-0.98381,-0.043797,0.32329,0.90401,-0.81695,0.030694,0.31557,1.0378,-0.87567,0.03896,0.30252,0.7471,-0.736,-0.024959,0.61268,1.906,-0.59381,0.15988
587.02,322.92,1116.9,248.8,369.57,0.03986,0.21887,0.31847,1.6721,4.2287,-2.8058,1.7674,1.3884,2.3603,-3.8353,-0.67065,0.95491,2.5432,-1.4466,0.59653,0.78435,1.3343,-1.799,-0.06119,0.55727,1.4073,-1.3185,0.096975,0.41173,1.3533,-0.87402,0.26997,0.37021,0.71467,-1.2703,-0.032611,0.39989,1.1557,-0.81076,0.062051,0.36589,0.91417,-1.0087,0.020798,0.44777,1.416,-0.61969,0.061045,0.26471,0.90712,-0.63678,-0.048507,0.29282,0.61706,-0.93574,-0.037567,0.57893,1.7674,-0.67065,0.16869
483.47,337.06,1135.5,188.19,296.4,0.048111,0.28673,0.24465,1.5132,4.9438,-2.0115,1.988,1.3361,1.8779,-3.9973,-0.72167,0.81959,2.3841,-1.4593,0.48434,0.55223,1.1702,-1.6347,-0.09165,0.41391,1.009,-1.2009,-0.008611,0.48511,1.9093,-1.0064,0.14373,0.55773,1.1447,-1.3138,0.027046,0.2827,1.0309,-0.6575,0.19654,0.37267,0.92454,-0.79798,-0.00076451,0.34784,1.0218,-0.70493,0.1437,0.28643,0.62535,-0.83228,-0.13238,0.22085,0.77888,-0.54508,0.061063,0.63633,1.988,-0.72167,0.17411
312.33,192.89,768.24,125.67,192.04,0.04592,0.23022,0.29724,2.0164,5.4314,-3.5298,2.0272,1.0561,2.6838,-2.5393,0.03705,0.79021,2.7648,-1.0696,0.66584,0.7497,1.416,-3.0183,-0.209,0.48299,1.838,-0.77279,0.25966,0.50916,1.7924,-1.1404,0.14767,0.47145,0.96659,-1.4706,-0.18444,0.32334,1.1966,-0.66042,0.1194,0.31429,0.77006,-1.0404,-0.025662,0.30444,0.8096,-0.93895,-0.08674,0.30489,0.61432,-0.93742,-0.092794,0.31174,1.0155,-0.88126,-0.048769,0.61696,2.0272,-0.209,0.21745
338.96,104.09,617.03,237.43,301.88,0.043847,0.19743,0.3367,1.5475,4.5885,-2.4427,1.8763,1.0225,1.8034,-2.6789,-0.24356,0.8576,3.1017,-0.88118,0.69531,0.66608,1.183,-1.6954,-0.17521,0.43649,1.1293,-1.2627,0.11544,0.44966,1.1815,-0.64474,0.30935,0.60345,1.5855,-1.5147,-0.089811,0.3211,0.92802,-0.60213,0.12016,0.32548,0.72716,-0.96811,0.012369,0.31954,0.59762,-1.0564,-0.013451,0.29879,0.88513,-0.63911,0.042102,0.2871,0.84957,-0.65434,0.04882,0.57395,1.8763,-0.24356,0.22482
285.74,90.586,548.05,194.68,238.92,0.055533,0.20772,0.50209,1.81,4.473,-3.1127,1.8727,0.82608,2.0335,-2.2385,-0.14492,0.78173,2.6581,-1.1535,0.95372,0.54492,1.2844,-1.6628,0.23996,0.33581,1.2429,-0.82369,0.062196,0.45876,1.4732,-0.78224,0.21593,0.41955,1.4278,-1.1353,0.22566,0.29974,0.8998,-0.98582,0.020926,0.36705,1.054,-1.2154,-0.077917,0.26475,1.0256,-0.71095,-0.0060709,0.31699,0.88898,-0.89547,-0.097319,0.31905,1.3713,-0.43913,0.090685,0.57859,1.8727,-0.14492,0.27963
354.81,262.15,973.55,139.16,223.51,0.068974,0.27992,0.23753,1.6123,4.8898,-2.1109,2.4598,1.2533,2.7656,-2.9128,-0.3689,0.79626,2.585,-1.4956,0.40569,0.8151,1.3319,-2.1431,-0.26906,0.43362,1.1084,-1.1542,0.20834,0.45829,1.4515,-0.92042,0.26741,0.52991,0.97476,-1.411,-0.1847,0.36228,1.3791,-1.0205,0.11782,0.32011,0.85696,-0.96345,-0.087104,0.47443,1.3893,-0.8072,0.14403,0.28805,0.46214,-1.0481,-0.1815,0.28012,1.1911,-0.85747,0.051028,0.74485,2.4598,-0.3689,0.21357
402.64,348.45,1094.9,133.48,174.73,0.028117,0.10936,0.36364,1.6919,5.3497,-1.8202,2.3957,1.1949,3.1438,-3.6117,0.047231,0.89512,3.2235,-0.95077,0.65904,0.91012,1.4298,-2.8179,-0.22858,0.47521,1.7844,-0.9101,0.47891,0.40056,1.8247,-0.74,0.26146,0.42174,0.91435,-1.2097,-0.08096,0.30921,0.82795,-1.0036,0.12934,0.32953,0.81789,-1.0892,-0.047038,0.32498,1.0084,-0.87817,-0.019323,0.32942,0.79605,-1.049,-0.19267,0.27844,0.9697,-0.57144,0.048116,0.71342,2.3957,-0.22858,0.2876
361.11,231.37,995.71,191.25,270.14,0.039305,0.23799,0.28892,1.443,5.081,-2.7012,2.2022,1.1313,2.7137,-3.1789,-0.18097,0.946,2.6702,-1.6372,0.51024,0.71347,1.4031,-2.3901,-0.040508,0.49838,1.5765,-1.0645,0.21204,0.4733,1.5498,-1.4547,0.19865,0.45479,1.1859,-1.169,-0.076615,0.35435,0.95274,-0.97531,0.043618,0.28457,0.72687,-0.91768,0.056825,0.30771,1.0015,-0.80785,0.005156,0.2517,0.65514,-0.78151,-0.065813,0.3005,0.86668,-0.93351,0.017818,0.64329,2.2022,-0.18097,0.24022
278.88,121.78,683.85,140.84,258.25,0.058095,0.23067,0.35165,1.4011,5.6218,-2.216,2.1096,0.92918,1.9671,-2.423,-0.12347,0.93784,3.312,-1.1146,1.0489,0.55529,1.2154,-1.6271,0.047095,0.47115,1.119,-1.2931,0.057174,0.4224,1.4505,-0.88554,0.20569,0.46394,1.2053,-1.6911,-0.051594,0.3521,1.019,-1.1917,0.017194,0.36136,0.99163,-0.92106,0.035031,0.35521,1.1917,-0.89998,-0.025547,0.33786,0.66794,-1.2792,-0.087087,0.27809,0.65221,-0.76554,-0.044041,0.65925,2.1096,-0.12347,0.26575
376.82,251.67,1045.4,156.73,252.19,0.041965,0.1914,0.35503,1.4151,4.5814,-2.1131,2.1504,0.97896,2.3107,-2.6387,-0.29957,0.99448,3.3589,-0.98378,0.88168,0.55675,1.2303,-1.5457,0.067169,0.41679,1.3362,-0.91425,0.13887,0.46858,2.0022,-0.51021,0.37219,0.52421,1.5001,-1.5025,0.054788,0.40452,1.0568,-0.9442,0.014868,0.34202,0.75791,-1.2184,-0.030251,0.39847,1.0055,-1.0617,-0.023638,0.27874,0.44197,-0.9758,-0.16849,0.25658,0.63293,-0.64746,-0.034932,0.66574,2.1504,-0.29957,0.26026
332.06,265.9,972.76,156.08,211.63,0.042831,0.17517,0.35211,1.4957,4.4085,-3.1889,1.6114,1.1923,1.5531,-4.0074,-0.53898,1.1404,3.107,-1.82,0.76743,0.62036,0.68411,-2.3378,-0.34613,0.45105,1.1838,-1.5197,0.28818,0.50368,1.1955,-0.96661,0.27192,0.45025,0.88794,-1.7517,-0.38827,0.36313,0.89854,-0.88825,0.097756,0.38146,0.9712,-1.2745,-0.16507,0.33851,1.0333,-0.59042,0.036746,0.27716,0.60002,-0.86188,-0.096893,0.2783,0.69191,-0.71177,0.019597,0.58382,1.6114,-0.53898,0.12981
406.34,236.22,965.04,164.02,302.52,0.062316,0.22513,0.60976,1.5262,4.4299,-2.8991,1.7202,0.97756,2.7327,-2.5036,0.039082,1.1491,3.0572,-1.3138,0.80735,0.57702,0.88481,-2.0472,-0.39423,0.34771,0.98234,-0.58211,0.33536,0.524,1.6089,-1.227,0.17513,0.3648,0.71042,-1.0061,-0.027356,0.26623,0.66112,-0.72595,-0.034225,0.45404,1.0301,-1.1621,-0.1124,0.30256,0.73956,-0.569,0.038792,0.30809,0.40359,-1.0587,-0.17319,0.27511,0.82293,-0.50874,0.1353,0.56007,1.7202,-0.39423,0.20915
455.18,312.98,994.35,157.22,216.51,0.07589,0.26142,0.38095,1.3406,4.5324,-2.4514,2.042,1.0777,2.5104,-2.5972,-0.36757,1.252,3.6499,-1.0782,1.1062,0.61301,0.76067,-2.0329,-0.55037,0.43582,1.0908,-0.89192,0.22316,0.41323,1.4472,-0.34549,0.47268,0.63114,1.0184,-1.9294,-0.4181,0.30414,0.92442,-0.54203,0.14095,0.42953,0.49945,-1.263,-0.33253,0.36946,1.2444,-0.75825,0.019073,0.28397,0.45288,-0.98676,-0.079645,0.21945,0.50568,-0.69337,-0.029381,0.73883,2.042,-0.55037,0.18554
325.64,170.35,832.29,202.51,250.49,0.073483,0.23466,0.4329,1.4247,4.5439,-3.2319,1.6336,1.3608,2.6966,-2.9655,-0.36863,1.0384,3.3813,-1.0429,0.81768,0.68734,1.4181,-1.9594,-0.59709,0.342,1.0408,-0.49359,0.25808,0.46989,1.313,-0.76012,0.15499,0.45035,1.047,-1.4359,-0.17901,0.31705,0.87763,-0.70875,0.10713,0.30068,0.58657,-0.83202,-0.040853,0.3077,0.89786,-0.63475,0.10959,0.30236,0.59162,-0.92201,-0.079688,0.26053,0.89576,-0.34879,0.19077,0.57877,1.6336,-0.59709,0.16722
413.97,254.06,985.1,175.98,266.65,0.060316,0.21233,0.48237,1.7113,5.0144,-3.7276,1.4523,1.2428,2.9605,-3.0955,-0.24234,1.1111,3.2734,-1.5207,0.85262,0.6941,1.5083,-2.5334,-0.55113,0.41959,1.1584,-1.0648,0.27346,0.51423,1.8094,-0.81134,0.21447,0.49023,0.83145,-1.54,-0.36851,0.35685,1.1846,-0.80336,0.24632,0.42873,0.71031,-1.3113,-0.16263,0.28589,0.93647,-0.82243,-0.02431,0.26532,0.93872,-0.73278,-0.029474,0.28291,0.78396,-0.73446,0.058861,0.54779,1.4523,-0.55113,0.1433
235.86,129.84,587.36,126.31,186.26,0.097153,0.24974,0.35,1.7532,4.6563,-3.3005,1.9525,1.1107,3.2248,-2.3201,0.14995,1.0283,3.529,-1.0314,1.0978,0.57506,1.3254,-1.5852,-0.27968,0.44618,1.3552,-1.2454,0.19814,0.5128,1.5412,-1.0181,0.33131,0.56076,0.74066,-1.8523,-0.50378,0.33298,0.8377,-0.99072,0.061984,0.3856,0.76271,-1.1882,-0.17967,0.33199,0.90396,-1.0478,-0.14587,0.25723,0.48587,-0.78294,-0.10329,0.31804,0.69951,-0.81893,-0.051886,0.6782,1.9525,-0.50378,0.21063
366.04,223.28,847.56,165.89,236.21,0.052258,0.17813,0.40323,1.8561,4.8726,-3.7879,1.3023,0.9158,2.1081,-2.4154,0.10227,1.2158,3.4685,-1.6906,1.2315,0.53698,1.1991,-1.2967,-0.21972,0.42703,1.0712,-1.2611,0.049738,0.4277,1.2258,-0.88577,0.30714,0.46026,0.75326,-1.3736,-0.30061,0.34403,0.85362,-0.61298,0.17298,0.41826,0.59315,-1.1289,-0.24273,0.29564,0.64305,-0.77688,-0.067909,0.27831,0.67129,-0.79674,0.0031515,0.32044,0.8721,-0.84694,-0.078257,0.53363,1.3023,-0.30061,0.18832
351.41,220.4,983.48,119.89,234.98,0.057115,0.27372,0.19544,1.5499,5.0584,-3.7802,1.9139,1.264,3.5244,-3.2977,0.10496,1.1282,3.5706,-1.4941,0.58754,0.56049,0.92323,-2.1018,-0.48279,0.41528,1.6475,-0.60259,0.26967,0.47485,1.441,-0.8839,0.17954,0.48313,0.81045,-1.6201,-0.39199,0.34936,0.9405,-1.1848,0.024219,0.41422,0.92729,-1.1368,-0.13431,0.37414,1.0993,-0.86047,0.06672,0.27544,0.59389,-0.85613,-0.11277,0.29132,0.78317,-0.72961,0.083272,0.61669,1.9139,-0.48279,0.17566
368.79,142.01,933,113.89,315.01,0.057091,0.20226,0.41775,1.6241,4.7869,-3.4842,1.5889,1.4014,3.242,-3.6646,-0.15712,1.0475,2.6177,-1.8752,0.40899,0.60878,1.1978,-2.5803,-0.45947,0.42226,1.3232,-1.2788,0.061304,0.48588,1.317,-1.0068,0.20336,0.54178,0.80147,-1.8922,-0.3623,0.34116,1.2344,-0.90502,0.050419,0.42057,1.1443,-1.3163,-0.098446,0.31262,0.84236,-0.82183,-0.013332,0.31356,0.77999,-0.71669,-0.026329,0.29925,0.97227,-0.95432,0.083662,0.52115,1.5889,-0.45947,0.10663
356.66,157.93,742.58,146.31,289.28,0.042921,0.22508,0.39867,1.6969,5.0971,-3.3762,1.9056,1.1406,3.3021,-2.7265,0.2263,1.1535,3.1577,-2.17,0.50715,0.45167,1.0746,-1.8377,-0.30263,0.44539,1.2195,-0.98815,0.10896,0.426,1.5244,-0.69956,0.28966,0.48017,0.92761,-1.3708,-0.23668,0.31034,0.69263,-0.87315,0.062024,0.37883,0.86158,-0.90257,-0.067458,0.36626,1.145,-0.96178,0.035334,0.28487,0.86226,-0.69301,-0.013242,0.34458,0.83355,-0.72016,0.062508,0.5755,1.9056,-0.30263,0.21479
322.18,167.87,712.85,130.38,209.65,0.067463,0.21649,0.5303,1.3642,4.8089,-3.1908,1.9586,0.90027,2.2205,-2.6263,-0.24019,1.1187,3.621,-0.63467,1.4104,0.51238,0.933,-1.8212,-0.40169,0.40501,1.084,-0.98419,0.0056041,0.46957,1.4108,-0.99901,0.26615,0.4784,0.47309,-1.8848,-0.61951,0.3045,0.73542,-1.0725,-0.1031,0.38223,0.71927,-0.9985,-0.14383,0.31645,0.94056,-0.55212,0.050794,0.31301,0.7618,-0.9646,-0.17965,0.26875,0.5782,-0.8244,-0.013644,0.75289,1.9586,-0.61951,0.16582
387.53,180.25,851.81,190.63,290.62,0.04793,0.18775,0.34568,1.229,4.4296,-1.8974,1.3337,1.0225,2.1841,-3.2723,-0.36381,1.0447,3.3146,-1.1948,1.1089,0.63869,0.84449,-2.0831,-0.67694,0.39324,0.93897,-1.0305,-0.016599,0.57791,1.2521,-1.3542,0.048732,0.46576,0.8593,-1.4599,-0.21008,0.35224,0.97055,-0.95664,0.12726,0.38705,0.54701,-1.448,-0.26216,0.3012,0.9233,-0.80805,0.10696,0.32169,0.55584,-1.1103,-0.15817,0.22497,0.83087,-0.4584,0.21521,0.5786,1.3337,-0.67694,0.10441
357.76,95.442,770.98,224.53,353.96,0.046281,0.22463,0.24793,1.6238,4.2103,-3.5591,1.1882,1.067,1.7122,-3.158,-0.11421,0.76681,1.8201,-1.5562,0.37416,0.45535,1.365,-1.5614,-0.0007745,0.54547,1.7144,-1.1643,0.18135,0.38164,1.0665,-0.64301,0.18262,0.36606,0.64191,-1.1416,-0.20952,0.34444,0.70838,-1.0988,-0.25348,0.45207,0.86152,-1.0826,0.038826,0.33382,0.59435,-1.5218,-0.08371,0.36583,0.57157,-1.6784,-0.091469,0.40754,0.92408,-1.4683,-0.0294,0.38618,1.1882,-0.25348,0.09855
354.56,134.5,815.27,191.78,320.95,0.05242,0.21089,0.42781,1.1181,4.2186,-1.5101,1.7586,0.9832,1.638,-3.1198,-0.45588,1.1819,3.1505,-1.3857,0.77658,0.53514,1.4711,-0.92751,0.31852,0.50991,1.6075,-1.4185,0.15812,0.35801,0.63652,-1.0781,0.028562,0.28786,0.42464,-0.83901,-0.22383,0.35609,0.68321,-1.1892,-0.28204,0.41731,1.0453,-0.9555,0.18683,0.23052,0.72246,-0.50171,0.046293,0.34068,0.79575,-0.89703,-0.11107,0.22075,0.74342,-0.36757,0.28276,0.58589,1.7586,-0.45588,0.20695
581.43,356.17,1203.3,261.83,355.17,0.057094,0.26558,0.19048,1.0384,4.2262,-1.0297,1.984,1.1608,1.6754,-2.5041,-0.3983,1.1567,2.4876,-1.9803,0.37588,0.65062,1.555,-1.6063,-0.023558,0.50717,1.1915,-0.9369,0.18615,0.50575,0.91307,-1.1793,0.074882,0.35944,0.97985,-0.86252,-0.12533,0.28919,0.48304,-1.004,-0.22009,0.34728,0.96912,-0.81336,0.16217,0.23891,0.82679,-0.58592,-0.034137,0.27589,0.77948,-0.64053,-0.052232,0.21542,0.90067,-0.34929,0.17871,0.60551,1.984,-0.3983,0.17568
294.53,80.716,659.99,207.15,266.23,0.057825,0.21712,0.40984,1.8202,5.0145,-3.7488,1.8906,0.87967,2.1089,-2.447,0.1733,0.89887,2.5138,-1.3834,0.67046,0.68978,1.7655,-2.0673,0.12661,0.39333,1.384,-0.56637,0.28465,0.45722,0.99321,-1.5736,-0.042041,0.29596,0.57534,-1.1359,-0.076466,0.31628,0.68016,-0.9501,-0.24318,0.45447,1.145,-1.1069,0.068147,0.24018,0.73994,-0.5258,0.059458,0.26445,0.51542,-0.81882,-0.033945,0.27902,1.0367,-0.48302,0.2847,0.56203,1.8906,-0.24318,0.26352
552.41,239.5,1133.9,321.39,426.92,0.045626,0.2923,0.2649,1.7314,5.6143,-3.8003,1.2974,1.0203,1.7888,-3.3272,-0.47579,1.0007,2.1554,-2.3529,0.23444,0.67684,1.1537,-2.5916,-0.29928,0.47645,1.3783,-1.2435,0.076756,0.45028,0.88082,-1.6171,0.0021961,0.33881,1.0435,-1.104,-0.10999,0.39415,1.0676,-1.2235,-0.2577,0.4379,0.82604,-1.3111,-0.15215,0.42313,0.69613,-1.495,-0.22966,0.4362,0.7599,-1.7052,-0.17384,0.46106,0.97849,-1.7208,-0.15648,0.45369,1.2974,-0.47579,-0.020343
307.38,43.696,403.93,243.43,296.44,0.050352,0.22323,0.26549,1.8824,4.2737,-4.7384,1.3263,0.93675,1.994,-2.2731,0.28765,0.87932,2.7957,-1.5484,0.75077,0.63591,1.1552,-1.4032,0.06917,0.41091,1.132,-0.78523,0.24205,0.43739,1.3356,-0.99903,0.19827,0.36269,0.56057,-1.1521,-0.13106,0.36685,0.70909,-1.4822,-0.21159,0.32948,0.97607,-0.70364,0.083451,0.28553,0.83834,-0.78746,-0.021817,0.37313,0.60845,-1.113,-0.12949,0.35436,1.3882,-0.67389,0.33025,0.43201,1.3263,-0.21159,0.23283
303.76,52.908,409.58,179.14,288.81,0.10173,0.27385,0.44444,1.5337,4.4339,-3.5973,1.7038,0.77536,2.1354,-2.1289,0.01895,0.79052,2.822,-0.84404,0.86658,0.48659,1.5186,-0.98449,0.31315,0.29596,0.88717,-0.7372,0.014603,0.47056,1.1334,-1.2265,-0.041236,0.31429,0.78714,-1.0188,-0.073382,0.33192,0.30555,-1.2304,-0.36282,0.36395,1.1664,-1.5288,0.098684,0.39547,0.79208,-1.1884,4.0034e-05,0.35022,0.56312,-1.2621,-0.09249,0.40591,1.0353,-0.98004,0.25986,0.55324,1.7038,-0.36282,0.22547
332.63,92.077,645.43,155.42,305.28,0.098159,0.30155,0.45603,1.0453,4.9619,-1.0317,2.0754,0.92777,1.7619,-2.4539,-0.51019,0.88333,2.5148,-1.7243,0.28397,0.78001,1.5118,-2.0984,-0.12392,0.45943,1.709,-1.2855,0.10404,0.44231,0.78147,-1.187,-0.066469,0.39103,0.85848,-1.3423,-0.14421,0.37047,0.75429,-1.312,-0.20333,0.42078,1.0963,-0.96677,0.11896,0.34912,0.96265,-0.91538,0.034494,0.32139,0.78733,-1.1462,-0.085744,0.41659,1.1462,-1.3047,0.26626,0.64522,2.0754,-0.51019,0.14577
355.69,83.49,732.65,237.83,324.32,0.055114,0.22963,0.33058,1.0979,4.2645,-1.2362,1.9062,1.1268,2.144,-3.0781,-0.51569,0.94862,2.5508,-2.0467,0.18854,0.61307,1.6771,-1.807,0.12788,0.57274,1.1773,-1.5906,0.023687,0.38725,1.0618,-1.1873,-0.024895,0.41731,0.64517,-1.8462,-0.2718,0.34373,0.74284,-1.2346,-0.16041,0.34654,0.91076,-1.1207,0.021318,0.3933,0.77088,-1.6667,-0.14462,0.38269,1.5672,-1.3403,-0.029353,0.39855,1.4797,-1.2484,0.13837,0.60011,1.9062,-0.51569,0.10494
398.31,129.58,851.52,297.72,362.87,0.0566,0.27684,0.34602,1.0224,4.5029,-1.8065,1.8473,1.0311,1.5605,-2.9424,-0.54867,0.91992,2.5691,-1.3085,0.64946,0.4611,1.3964,-1.0237,0.025024,0.47909,1.8421,-1.5745,-0.099857,0.43061,0.93977,-1.1508,0.0053723,0.38031,1.0098,-1.2936,-0.08794,0.38955,0.561,-1.4018,-0.34154,0.33437,0.9457,-0.80821,0.054737,0.26265,0.57833,-0.83978,-0.050863,0.32703,0.46218,-1.1519,-0.18892,0.37602,0.9591,-1.1337,0.04794,0.61573,1.8473,-0.54867,0.10933
322.35,53.217,418.87,188.76,331.94,0.10176,0.29388,0.50633,0.93164,4.5211,-1.1249,2.116,1.0176,1.6593,-2.6296,-0.33263,0.97418,2.9398,-1.183,0.69988,0.53739,1.4317,-1.0258,0.050536,0.45543,1.1458,-1.1864,0.13551,0.54566,1.3445,-1.0771,0.19835,0.34443,0.56642,-0.93634,-0.1097,0.29127,0.51465,-0.9372,-0.26951,0.28729,0.81555,-0.77124,0.040028,0.3558,0.77437,-1.0504,-0.061892,0.29694,0.67765,-0.92574,-0.1472,0.3389,0.9259,-0.82866,0.19998,0.6579,2.116,-0.33263,0.20995
372.93,64.722,502.85,225.4,372.88,0.05367,0.20843,0.38835,0.92653,3.8771,-1.2487,1.7358,1.0848,1.297,-3.1233,-0.49287,0.82568,2.5553,-1.2095,0.67757,0.61235,1.0147,-1.9479,-0.2237,0.46555,1.2821,-1.3849,-0.078932,0.5513,1.2208,-1.5535,0.12037,0.36987,0.7898,-1.1056,-0.2209,0.38185,0.52476,-1.3636,-0.35259,0.39121,0.86164,-1.5554,-0.078103,0.47075,0.82754,-1.5407,-0.25364,0.45492,0.33984,-1.8107,-0.42711,0.39584,0.7381,-1.2718,-0.039841,0.61808,1.7358,-0.49287,0.030507
311.02,100.21,645.12,186.32,310.22,0.059365,0.22884,0.34783,1.4797,3.9582,-3.5521,1.2896,0.97704,1.8846,-2.364,-0.18504,0.89827,2.3595,-1.2158,0.33353,0.50444,1.2468,-1.023,-0.0049899,0.4126,1.2259,-0.46722,0.3292,0.48196,0.66092,-1.5524,-0.30767,0.28995,0.8283,-0.50666,0.076161,0.33273,0.44308,-1.3224,-0.28019,0.39233,1.2037,-0.58819,0.30042,0.33723,0.67972,-1.2122,-0.22476,0.32588,0.79796,-0.76085,0.021231,0.20993,0.68577,-0.37384,0.20214,0.43463,1.2896,-0.30767,0.12914
352.04,193.34,959.41,142.72,286.96,0.049596,0.20891,0.28986,1.3684,4.2669,-3.5693,1.2859,1.0258,2.049,-2.2221,-0.0083163,0.96379,2.5461,-1.5415,0.31208,0.46834,0.8119,-1.2145,-0.074975,0.46642,1.3584,-0.984,0.30863,0.39721,0.924,-1.2904,-0.098936,0.30115,0.8708,-0.64572,0.14635,0.34744,0.83198,-1.0408,-0.16388,0.4177,1.2019,-0.68471,0.13573,0.33201,0.70009,-1.4084,-0.22111,0.29122,0.90323,-0.8566,0.037756,0.29822,0.81996,-1.5062,0.083821,0.39687,1.2859,-0.22111,0.14526
322.68,76.919,716.28,200.58,312.69,0.043294,0.21808,0.31496,1.244,3.4006,-1.878,1.3421,0.83222,2.5717,-2.4817,-0.018719,1.1834,2.6896,-1.7276,0.73481,0.55184,1.0699,-1.7059,-0.12516,0.48425,1.481,-0.69346,0.49206,0.37683,0.58089,-1.1569,-0.05573,0.3211,1.032,-0.66709,0.22317,0.48638,0.59048,-1.5964,-0.39504,0.31166,1.0247,-0.51535,0.22858,0.30723,0.55699,-0.97843,-0.25803,0.34924,0.71864,-1.4181,-0.12269,0.24634,0.68213,-1.074,0.18545,0.48259,1.3421,-0.39504,0.1859
447.59,276.58,1091.6,216.95,306.8,0.055476,0.23146,0.34188,1.2399,3.8724,-1.8148,0.97392,0.94602,1.9217,-3.4631,-0.050638,1.2641,2.5886,-1.9059,0.62807,0.59355,1.1089,-1.8235,-0.20063,0.53462,1.7276,-0.89976,0.39377,0.40543,0.83459,-1.1635,0.048895,0.3154,0.99866,-0.60593,0.23936,0.48784,0.61279,-1.4882,-0.27865,0.32291,1.0775,-0.62238,0.17407,0.42988,0.63114,-1.2773,-0.28629,0.33609,0.63584,-1.2332,-0.067434,0.41519,1.0419,-1.7932,0.019815,0.37943,0.97392,-0.28629,0.13286
354.88,143.08,952.18,210.62,321.43,0.066449,0.26917,0.40816,1.1802,3.983,-1.3998,1.3204,1.0379,2.3837,-2.4321,-0.026524,1.0204,2.4289,-1.5476,0.47364,0.59075,1.67,-1.6575,-0.095069,0.42555,1.3614,-0.76264,0.31381,0.45574,0.9202,-1.4309,-0.032961,0.29716,1.1601,-0.47395,0.23063,0.39311,0.50271,-1.1733,-0.29613,0.35159,1.1609,-0.33765,0.3154,0.3726,0.54342,-1.2882,-0.45386,0.31721,0.73241,-0.86645,-0.020295,0.21961,0.67285,-0.46366,0.093274,0.45284,1.3204,-0.45386,0.15186
529.78,279.8,1145.5,297.78,407.71,0.036443,0.26722,0.26846,1.2125,3.9088,-2.132,1.1717,0.95405,1.8229,-2.9063,-0.21287,0.90589,2.2466,-1.8862,0.33255,0.48596,1.0649,-1.3047,-0.28701,0.49856,1.347,-0.92737,0.20542,0.4461,1.0071,-1.271,-0.03991,0.30361,0.79413,-0.80492,0.064906,0.25011,0.58411,-0.84445,-0.14639,0.26685,0.79359,-0.81181,0.041278,0.36421,0.52812,-1.59,-0.32746,0.37728,0.72927,-1.1024,-0.15702,0.56545,0.83601,-1.9777,-0.26613,0.41265,1.1717,-0.32746,0.03159
359.77,123.56,854.44,212.99,340.38,0.060731,0.25143,0.31809,1.7028,5.4979,-4.3183,1.0257,0.83687,2.0778,-2.4856,0.1497,0.99715,2.417,-1.9602,0.39511,0.75483,1.1867,-2.9509,-0.21945,0.40826,1.4087,-1.09,0.43613,0.4966,1.063,-1.6727,-0.12625,0.29077,1.1354,-0.70309,0.098235,0.34865,0.81593,-1.2532,-0.20762,0.41426,1.3888,-0.79308,0.071472,0.35321,0.53485,-1.1824,-0.27247,0.29764,0.80858,-1.0712,0.026962,0.36988,0.82845,-1.3269,0.026699,0.36358,1.0257,-0.27247,0.11702
372.06,121.97,820.48,238.6,340.71,0.058254,0.27223,0.20888,1.669,5.3148,-4.4037,0.89047,0.76881,2.5166,-1.643,0.021025,0.95922,2.5631,-1.7035,0.41005,0.73007,1.3242,-2.7068,-0.19752,0.49358,1.5557,-0.73588,0.37195,0.43557,0.78611,-1.3115,-0.25551,0.30147,1.0599,-0.78083,0.048449,0.41325,0.83522,-1.2394,-0.28417,0.37966,1.4596,-0.77704,0.11114,0.34538,0.56415,-1.705,-0.25405,0.30441,0.69293,-0.88975,0.057872,0.31992,0.91326,-1.3316,0.072307,0.34255,0.89047,-0.28417,0.082667
349.96,99.602,722.62,245.31,320.16,0.053045,0.20116,0.38911,1.4789,3.408,-4.029,0.98902,0.8409,2.6419,-1.9395,0.21498,0.93817,2.7156,-0.87626,0.6971,0.61855,1.3604,-1.4309,-0.069281,0.43838,1.396,-0.82103,0.32617,0.49972,0.70604,-1.3229,-0.19333,0.42238,1.1115,-1.1609,0.048974,0.41333,0.66323,-1.3907,-0.14657,0.32821,1.1709,-0.71338,0.17593,0.3487,0.60118,-1.1306,-0.28805,0.3021,0.89317,-0.59873,0.056564,0.27297,0.96173,-0.59715,0.088877,0.37012,0.98902,-0.28805,0.15837
319.9,77.555,652.75,151.24,309.63,0.073441,0.21117,0.5277,1.8218,4.2845,-4.2995,1.1926,0.74703,2.3519,-2.202,0.25769,0.9728,2.9788,-1.7493,0.82578,0.53933,1.4805,-1.7365,-0.040348,0.41102,1.7551,-1.09,0.19533,0.41578,0.96779,-1.1857,0.027274,0.28923,1.165,-0.57614,0.2047,0.40447,0.49789,-1.297,-0.25125,0.36696,1.1288,-1.119,0.093403,0.38694,0.64506,-1.4185,-0.20719,0.4007,1.2942,-1.5663,-0.12584,0.34105,0.76367,-1.4373,0.097918,0.42253,1.1926,-0.25125,0.18917
319.46,95.958,637.21,179.21,312.81,0.052747,0.17919,0.54878,1.4033,4.159,-1.8476,1.5486,1.0124,2.711,-1.9082,0.12062,0.89043,2.426,-1.5037,0.16259,0.60823,1.1106,-2.2821,-0.079809,0.45339,1.4664,-0.99526,0.24182,0.37819,1.0454,-1.4388,0.058621,0.29254,1.0178,-0.76411,0.10572,0.39578,0.82264,-1.2414,-0.12118,0.35238,1.2797,-0.87694,0.048661,0.31261,0.70807,-1.0236,-0.15945,0.29976,0.92707,-0.77292,-0.025445,0.30834,0.90775,-1.0587,0.099538,0.45109,1.5486,-0.15945,0.16669
245.1,68.05,501.01,170.27,228.82,0.064934,0.24371,0.25424,1.1298,4.1675,-1.157,1.6422,0.88088,2.3135,-1.661,0.31791,0.92325,2.43,-1.7757,0.27529,0.67989,1.5183,-2.1667,0.10452,0.46562,1.5748,-0.81194,0.31063,0.4806,0.91368,-1.3792,-0.19801,0.29721,0.97632,-0.86581,0.17437,0.41439,0.33866,-1.5855,-0.36402,0.45092,1.2343,-0.76868,0.26676,0.33246,0.43924,-1.0851,-0.29458,0.26736,0.56838,-0.70898,-0.006753,0.24105,0.84599,-0.54446,0.18681,0.51257,1.6422,-0.36402,0.20126
326.88,55.717,771.47,222.91,320.11,0.045637,0.22025,0.39801,1.2492,3.9648,-2.3827,1.3695,1.0114,3.1347,-3.0765,0.12974,1.0436,2.4175,-2.1665,0.29499,0.6138,1.4849,-2.0283,-0.14221,0.51158,2.0624,-0.97213,0.46061,0.5077,1.1279,-1.3187,-0.086195,0.31554,1.0917,-0.72115,0.083603,0.31892,0.55728,-1.0255,-0.14216,0.32077,1.053,-0.65991,0.06778,0.34402,0.75851,-1.3645,-0.26835,0.32352,0.91359,-1.1811,0.01982,0.29296,0.77689,-1.1753,0.035146,0.43147,1.3695,-0.26835,0.15185
299.08,75.227,621.31,175.99,283.53,0.049296,0.19275,0.45802,1.2268,4.47,-1.7126,1.2215,0.74448,1.6333,-2.0083,-0.0067849,1.0469,3.1512,-1.4374,0.96922,0.53387,1.0167,-1.6002,-0.17844,0.45368,1.522,-0.64143,0.32862,0.47546,0.99335,-1.5309,-0.11861,0.37142,1.0473,-0.91094,0.17392,0.48697,0.66485,-1.7604,-0.40852,0.3729,1.3206,-0.65974,0.22354,0.34908,0.46404,-1.4418,-0.29407,0.34594,0.90449,-0.9718,-0.041442,0.26429,0.78832,-0.8017,0.14127,0.48654,1.2215,-0.40852,0.16752
353.26,46.21,503.95,224.14,355.56,0.063159,0.21787,0.31915,1.3038,4.6687,-2.2584,1.0439,0.68051,1.8156,-1.8616,-0.10795,0.94665,2.787,-1.1926,0.88247,0.59926,1.0332,-1.9284,-0.24037,0.39367,1.2945,-0.74873,0.32087,0.54019,0.89602,-1.6278,-0.27069,0.35676,1.2572,-0.57686,0.202,0.51521,0.54148,-1.7845,-0.45833,0.29987,0.93012,-0.92615,0.14893,0.40083,0.43563,-1.9839,-0.36533,0.43716,0.96653,-1.6622,-0.16474,0.3518,0.91043,-1.511,0.054997,0.47288,1.0439,-0.45833,0.087148
284.87,49.89,451.31,167.02,292.13,0.046464,0.16356,0.32787,1.1651,4.641,-1.098,1.5101,0.73092,2.272,-1.6183,0.27791,0.99092,3.0585,-0.93522,1.0861,0.50954,1.2574,-1.5701,-0.072868,0.38613,1.5105,-0.82275,0.30968,0.46598,1.0774,-1.1691,-0.041078,0.35842,1.3216,-0.70444,0.14427,0.43323,0.60593,-1.3373,-0.35987,0.24894,0.92885,-0.59324,0.11534,0.31375,0.48279,-1.2676,-0.23086,0.34035,0.74562,-1.1183,-0.13828,0.2422,0.8465,-0.66615,0.20703,0.54457,1.5101,-0.35987,0.23395
420.15,236.32,923.85,184.54,279.49,0.043715,0.24448,0.25105,1.4398,4.8613,-3.7685,0.82226,0.99034,2.1959,-2.7925,-0.36441,0.95397,2.2931,-1.5469,0.33702,0.56853,1.3801,-1.12,0.076794,0.52143,1.2055,-1.2721,0.06459,0.51778,1.1935,-1.2083,-0.15372,0.38018,1.0249,-0.75132,0.16099,0.30248,0.44406,-1.1006,-0.24286,0.35799,1.1214,-0.78396,0.043973,0.33885,1.0275,-0.56976,0.11933,0.27729,0.58153,-0.94641,-0.24377,0.27177,0.67427,-0.6703,0.1097,0.31397,0.82226,-0.36441,0.060825
414.01,193.03,1001.5,209.3,325.43,0.042623,0.19413,0.34188,1.2551,5.0363,-1.6475,1.2014,1.0076,2.0538,-3.3089,-0.36461,0.94872,2.562,-1.8014,0.62453,0.76517,1.6419,-1.8388,0.12059,0.70193,1.4985,-1.2663,0.21321,0.42387,0.86709,-1.5102,-0.07224,0.31453,0.85581,-0.72009,0.10441,0.3448,0.39066,-1.1952,-0.39697,0.36672,1.077,-1.1314,0.036142,0.32662,0.91414,-0.83438,0.078245,0.24162,0.76714,-0.69728,-0.097932,0.30235,0.90071,-0.69806,0.092196,0.4294,1.2014,-0.39697,0.12825
299.71,168.13,784.37,165.48,231.3,0.037563,0.18549,0.26549,1.3375,3.9199,-2.2026,1.1241,0.68578,1.3869,-1.9548,-0.014111,1.1421,2.7109,-1.7439,0.85898,0.76032,1.3703,-2.4081,0.27343,0.57068,1.6086,-1.4754,0.27827,0.44167,0.85604,-1.343,0.045303,0.27855,0.93462,-0.66615,-0.0048233,0.28607,0.47671,-0.82805,-0.19479,0.40044,1.0282,-0.84957,0.030104,0.38835,1.1983,-0.67909,0.12095,0.2431,0.78091,-0.66461,-0.099127,0.27527,0.93258,-0.59084,0.038552,0.39516,1.1241,-0.19479,0.20473
579.91,382.21,1174.3,212.31,290.18,0.043759,0.2652,0.20979,1.4795,4.0815,-3.6096,1.1173,1.0824,2.2026,-2.1747,-0.21352,1.0365,2.5896,-1.7897,0.5628,0.6908,1.6111,-1.3731,0.082601,0.53712,1.6735,-0.87441,0.30754,0.56232,1.3207,-1.4609,-0.021327,0.38437,1.16,-0.75172,0.1263,0.32865,0.641,-1.1417,-0.1904,0.33771,1.115,-0.84721,0.18261,0.28937,0.95809,-0.46195,0.085883,0.25941,0.46058,-0.85472,-0.16588,0.23405,1.1131,-0.31312,0.17042,0.37096,1.1173,-0.21352,0.17036
486.09,326.52,1179,182.09,292.44,0.044049,0.26383,0.21053,1.3243,4.1439,-2.2406,1.2645,1.0814,2.1693,-3.0208,-0.38437,0.94783,2.1138,-1.3071,0.49612,0.7055,1.4934,-1.2667,0.16038,0.43094,1.299,-0.71072,0.33581,0.44825,0.74785,-1.3408,-0.097912,0.40608,0.75077,-1.1462,0.083241,0.29819,0.70184,-0.96958,-0.16768,0.29662,0.93822,-0.6602,0.18383,0.32112,0.99278,-0.58626,0.11958,0.24573,0.35455,-0.88275,-0.23958,0.26161,0.69688,-0.42605,0.15019,0.4266,1.2645,-0.38437,0.15867
337.01,161.92,840.68,155.14,258.11,0.053971,0.18329,0.36554,1.6608,4.4705,-4.0098,0.95,0.88366,2.09,-2.3597,-0.033124,0.96006,2.394,-2.0713,0.5514,0.6823,1.8397,-1.7701,0.13986,0.49174,1.2973,-1.4137,0.14628,0.47266,1.2452,-1.701,-0.076353,0.3849,0.78879,-1.2005,-0.05548,0.33984,0.70959,-1.0686,-0.15745,0.38983,1.131,-0.94808,0.089983,0.28919,0.88224,-0.80756,0.051804,0.27085,0.51878,-0.87545,-0.16952,0.29036,1.2848,-0.52721,0.15234,0.32114,0.95,-0.16952,0.13248
220.4,83.07,508.46,148.1,191.9,0.0873,0.29514,0.33994,1.7444,4.0103,-4.1686,0.91296,0.65604,1.969,-1.305,0.24328,1.0625,3.3954,-1.0923,1.1964,0.5416,1.7993,-1.2517,0.44422,0.32254,1.2341,-0.71091,0.13555,0.42277,1.2744,-1.4366,0.1423,0.33764,0.82692,-1.207,0.14302,0.35091,0.85376,-1.2152,-0.13671,0.40464,1.0369,-1.1437,-0.10556,0.25147,0.88961,-0.68623,-0.042258,0.23596,0.41744,-0.8128,-0.16105,0.24414,0.9398,-0.46767,0.11621,0.42173,1.1964,-0.16105,0.2407
321.17,198.34,937.89,138.14,211.9,0.066481,0.28151,0.35242,1.3812,4.1071,-2.3501,1.4527,1.1139,2.9914,-2.3771,0.12083,1.0233,2.9146,-1.3723,0.31617,0.70203,1.4974,-1.424,0.033605,0.47414,1.3422,-1.0575,0.2028,0.42817,1.4187,-0.89329,0.1334,0.43781,1.3034,-1.5982,-0.051002,0.33941,0.81738,-1.1652,-0.096382,0.41459,1.0124,-0.85502,0.10736,0.28366,0.78241,-0.67003,0.078177,0.28721,0.57608,-1.0189,-0.16455,0.29377,0.79314,-0.76505,0.0069476,0.42211,1.4527,-0.16455,0.17834
362.47,196.56,877.22,159.01,275.9,0.051439,0.2704,0.24922,1.459,4.298,-1.9313,1.4176,1.0363,2.4689,-2.1984,0.041895,1.0076,2.5634,-1.369,0.20619,0.73791,1.7149,-1.6247,0.042913,0.55691,1.2901,-1.4058,0.077651,0.45416,1.3584,-1.033,0.079093,0.45562,0.8928,-1.474,-0.051258,0.33892,0.72582,-1.245,-0.15588,0.41756,0.87869,-1.177,0.073272,0.34679,1.1056,-0.7262,0.084109,0.31769,0.80379,-0.97395,-0.17674,0.264,0.84175,-0.57341,0.055922,0.41586,1.4176,-0.17674,0.14123
455.29,327.36,1108.1,138.64,277.98,0.04514,0.21084,0.26415,1.239,4.1839,-3.3345,1.3688,0.94647,3.0535,-2.2315,0.09179,1.0287,2.7205,-1.7374,0.2438,0.80025,1.483,-2.3457,-0.063325,0.5475,1.6041,-1.0492,0.44441,0.48896,1.2673,-1.6087,0.044214,0.32994,0.89266,-0.83204,0.077316,0.3494,0.9272,-1.3496,-0.16853,0.34333,0.9493,-1.1711,0.059265,0.31947,1.0524,-0.62083,0.12673,0.31638,0.50308,-1.2298,-0.21459,0.29914,0.9067,-0.6606,0.090096,0.41402,1.3688,-0.21459,0.175
421.52,311.33,1078,156.69,240.8,0.065186,0.24652,0.36952,1.1698,3.9407,-1.5807,1.5546,1.028,2.9153,-2.0247,0.14147,0.91801,2.3562,-1.7196,0.11569,0.77265,1.6123,-1.9424,-0.078502,0.55732,1.6111,-1.2698,0.399,0.48815,1.1098,-1.3042,-0.013915,0.3224,0.74669,-1.0861,0.13438,0.38486,0.85776,-1.6032,-0.21737,0.34548,0.99821,-1.055,0.047139,0.32803,0.92473,-0.72963,0.19295,0.28036,0.56606,-1.207,-0.20263,0.3481,1.2693,-0.86902,0.021667,0.46677,1.5546,-0.21737,0.17454
278.96,169.99,844.78,122.79,224.9,0.039408,0.16568,0.46823,1.3837,3.8334,-3.443,1.0454,0.83633,1.8215,-2.2937,0.028123,1.0037,3.1384,-1.3341,0.98639,0.57472,1.5273,-1.2856,0.29921,0.49395,1.2853,-1.0728,0.13432,0.50625,1.6577,-1.1022,0.11204,0.31905,0.92403,-0.49309,0.20452,0.34579,0.51996,-1.2678,-0.23392,0.34872,0.78514,-0.74974,0.080336,0.31112,0.83365,-0.72459,-0.027447,0.29358,0.80718,-0.81326,-0.17914,0.2579,0.91579,-0.42387,0.13089,0.4028,1.0454,-0.23392,0.21506
271.58,94.215,697.96,149.54,242.25,0.064263,0.19039,0.81081,1.2507,3.7871,-2.4059,1.0113,0.82207,1.8534,-2.1931,0.067928,0.90731,2.8672,-1.4873,0.94883,0.5139,1.6554,-0.98742,0.29659,0.45055,1.0216,-1.2965,-0.030182,0.52077,1.1182,-1.4546,0.17981,0.4677,1.0374,-1.426,0.098978,0.32778,0.43772,-1.1361,-0.26345,0.32856,1.0774,-0.84281,0.11267,0.33319,0.87176,-0.81739,0.0098812,0.2814,0.51067,-0.86234,-0.16874,0.31921,0.88914,-0.98925,0.097647,0.39476,1.0113,-0.26345,0.19677
532.39,297.34,1269.2,199.83,397.44,0.048849,0.22885,0.29091,1.5438,3.3688,-4.7763,0.21789,1.4235,2.8894,-3.5065,-0.56731,0.78992,2.7042,-0.97876,0.49112,0.68592,0.72801,-2.2887,-0.56794,0.61805,2.3796,-1.0265,0.39662,0.53104,0.97984,-1.2935,-0.24326,0.45216,1.5323,-1.0429,0.14624,0.43931,0.56099,-1.9986,-0.24471,0.42202,0.85531,-1.4552,0.045365,0.3907,0.56456,-1.906,-0.23521,0.3906,1.1391,-0.94373,-0.026817,0.50726,1.5183,-1.3135,0.024841,0.33886,0.49112,-0.56794,-0.046932
410.6,129.63,953.13,266.04,405.62,0.026317,0.143,0.30769,1.2043,3.2347,-2.8935,0.23836,0.97847,1.7904,-2.3805,-0.24189,0.94566,2.7244,-1.3345,0.83228,0.86105,1.1871,-2.1447,-0.52983,0.57123,1.5601,-1.2374,0.39823,0.46061,0.56441,-1.3832,-0.45332,0.51411,1.7246,-0.74065,0.23709,0.59963,0.47083,-2.0222,-0.47442,0.49024,1.3551,-1.3048,0.17092,0.38665,0.36971,-1.6293,-0.38881,0.45334,0.50542,-1.4712,-0.29416,0.65548,1.0075,-1.8735,-0.086472,0.42419,0.83228,-0.52983,-0.049336
417.37,100.39,935.46,237.91,414.44,0.024955,0.2001,0.10989,1.411,3.5138,-2.8868,0.17287,1.2952,1.9425,-3.3442,-0.41391,0.79743,2.545,-1.0351,0.50586,0.67755,1.4783,-2.9266,-0.31122,0.54085,1.6751,-1.0288,0.21067,0.45735,0.86688,-1.3539,-0.097981,0.4205,1.1762,-0.99026,0.16065,0.49169,0.60135,-1.3443,-0.3565,0.40779,1.0342,-0.99509,0.12058,0.52299,0.95752,-1.8423,-0.31526,0.46362,0.95283,-1.5648,-0.14268,0.66786,1.3852,-1.7773,-0.026728,0.28212,0.50586,-0.41391,-0.041137
607.37,408.2,1449.1,233.09,396.23,0.039366,0.19355,0.33058,1.3305,3.5781,-2.1524,0.62582,1.5198,2.0255,-4.1882,-0.60591,0.75478,2.6846,-0.73247,0.59627,0.55695,1.0658,-1.699,-0.35027,0.49574,1.444,-0.57953,0.38318,0.56095,1.1293,-1.6273,-0.23249,0.59476,1.829,-1.0878,0.37023,0.56505,0.76526,-1.7724,-0.3343,0.51987,1.3289,-0.92362,0.23058,0.40069,0.34713,-2.0783,-0.30408,0.41491,0.69742,-1.5644,-0.12762,0.41414,1.3668,-1.2685,0.21922,0.41322,0.62582,-0.60591,0.039219
347.04,88.996,801.85,196.53,334.3,0.062195,0.22104,0.37296,1.6253,3.8995,-4.4654,0.5776,1.2523,3.098,-3.158,-0.086465,0.83373,2.9094,-1.178,0.8112,0.63987,0.98007,-2.3798,-0.29207,0.39564,1.3921,-0.71054,0.24518,0.47019,1.1043,-1.6797,-0.2829,0.41702,1.4091,-1.0873,-0.0029612,0.43584,0.85847,-1.6914,-0.21379,0.40144,1.0214,-1.6645,0.094769,0.4344,0.64307,-2.1244,-0.34667,0.40558,1.0363,-1.5853,-0.067863,0.47084,1.3042,-1.5119,0.020186,0.35511,0.8112,-0.34667,0.038019
551.84,254.43,1086.8,263.81,413.07,0.040598,0.19361,0.34091,1.5,4.1092,-4.6851,0.16462,1.0323,2.2369,-3.4514,-0.17008,0.86872,2.2007,-1.9656,0.49324,0.6747,0.92115,-2.5604,-0.53983,0.39374,1.1396,-1.0937,0.15041,0.45756,1.0692,-1.6506,-0.19613,0.33382,1.1924,-0.86502,0.11312,0.44024,1.0402,-1.2393,-0.17255,0.31324,0.72948,-0.98882,-0.030327,0.35986,0.45651,-1.594,-0.21058,0.40176,1.0915,-1.3901,-0.040311,0.58887,1.1969,-2.3569,-0.13027,0.25784,0.49324,-0.53983,-0.047391
403.89,65.448,606.71,284.24,402.29,0.024663,0.22065,0.17937,1.4751,3.0307,-4.5833,0.24475,1.0557,2.1762,-2.9126,-0.012786,0.68559,2.6482,-1.0915,0.66688,0.68102,0.74148,-2.0227,-0.36513,0.48543,1.425,-1.1625,0.23079,0.58562,1.0597,-1.7233,-0.21319,0.55771,2.0105,-0.8173,0.34643,0.38003,0.65189,-1.1054,-0.18853,0.30761,0.69326,-0.94601,0.027541,0.49114,0.72658,-1.7364,-0.35328,0.47538,1.1623,-1.571,-0.13086,0.50392,0.81736,-1.8267,-0.16284,0.31056,0.66688,-0.36513,0.0074813
244.42,45.768,372.54,172.21,241.45,0.061195,0.18469,0.36939,1.4077,3.6772,-4.5276,0.53448,0.71286,2.2592,-1.3309,0.31885,0.95621,3.2323,-0.87159,1.2575,0.46578,1.1567,-1.7125,-0.058609,0.37829,1.4657,-0.51041,0.30006,0.38796,0.61444,-1.2787,-0.254,0.49543,1.6178,-0.95676,0.35958,0.44187,0.7256,-1.3172,-0.39332,0.37942,1.2765,-0.82879,0.10085,0.2805,0.57037,-1.0159,-0.10842,0.31846,0.77723,-0.82245,-0.016542,0.2376,0.69612,-0.4811,0.2415,0.43246,1.2575,-0.39332,0.19016
329.83,72.865,549.97,210.83,304.34,0.047969,0.16406,0.41475,1.4591,3.3599,-5.2283,-0.018889,0.88476,2.1085,-2.2746,0.072408,0.87883,3.0332,-1.0562,1.225,0.54555,0.99128,-1.4782,-0.35616,0.29871,1.2737,-0.77666,0.17564,0.4725,0.82011,-1.3236,-0.30006,0.49747,1.9695,-0.94353,0.31825,0.51596,0.6154,-1.6641,-0.37881,0.37426,0.83966,-1.3783,0.013592,0.37486,0.93997,-1.4114,-0.12885,0.4048,0.75805,-1.7512,-0.09348,0.29773,1.0571,-0.99828,0.21494,0.42899,1.225,-0.37881,0.061964
513.42,257.4,1144.4,237.76,406.35,0.038528,0.17176,0.22388,1.0718,2.8952,-2.1164,0.35664,1.1775,2.6241,-3.3049,-0.45089,1.0414,3.0038,-2.0692,0.34115,0.73223,1.1233,-2.5048,-0.5295,0.50118,1.5542,-1.1536,0.25557,0.47513,1.0758,-1.4686,-0.15814,0.3521,1.3633,-1.1225,0.067555,0.45675,0.84618,-1.6007,-0.23129,0.44585,0.92154,-1.5674,0.043112,0.40474,0.69081,-1.7278,-0.29988,0.54578,0.93778,-1.845,-0.2007,0.52042,1.2117,-1.5033,-0.067548,0.29366,0.35664,-0.5295,-0.072828
431.67,194.09,1117.2,242.25,375.13,0.031805,0.17364,0.29412,1.1375,4.2286,-2.2609,0.40707,1.1855,2.7792,-3.5657,-0.50258,0.80296,2.993,-1.5125,0.32992,0.6891,1.0892,-1.961,-0.44643,0.48863,1.7377,-1.0918,0.52972,0.45816,0.76246,-1.3812,-0.33411,0.38856,1.0944,-0.91901,-0.010261,0.38367,0.62612,-1.6094,-0.17998,0.32106,0.92389,-0.89223,0.12194,0.38098,0.868,-1.7055,-0.17876,0.43188,0.95801,-1.9944,-0.14562,0.45731,1.0478,-1.3583,-0.0057329,0.33096,0.52972,-0.50258,-0.034569
417.71,100.3,917.07,245.12,393.86,0.03269,0.16437,0.2963,1.2111,2.9557,-2.8652,0.080767,1.0468,2.1898,-3.0422,-0.16707,0.88857,2.571,-1.7101,0.80266,0.75872,0.90382,-2.6522,-0.77008,0.43847,1.5976,-0.74842,0.2477,0.49285,1.0593,-1.6483,-0.24215,0.50026,1.921,-1.1472,0.19762,0.48421,0.90139,-1.5417,-0.29569,0.39107,0.95847,-1.5554,-0.025676,0.47124,0.81643,-2.0185,-0.30875,0.4071,0.82646,-1.6565,-0.13838,0.50812,1.4102,-1.5888,-0.021085,0.38134,0.80266,-0.77008,-0.053345
340.34,80.51,636.74,201.52,342.33,0.023814,0.1395,0.25,1.1925,3.1432,-2.0736,0.46382,1.135,2.2103,-3.3071,0.061668,0.93576,3.0487,-0.91071,0.97077,0.56602,1.0222,-1.7704,-0.35615,0.4199,1.3053,-0.82363,0.30715,0.46295,0.84496,-1.3525,-0.074281,0.48374,1.8298,-1.1034,0.19404,0.47633,0.78391,-1.5439,-0.3794,0.31234,1.1344,-0.65507,0.15238,0.32856,0.4854,-1.2799,-0.26156,0.42349,0.54473,-2.2956,-0.12496,0.42695,1.1445,-1.2972,0.14447,0.38106,0.97077,-0.3794,0.091495
376.02,100.73,627.7,228.07,365.07,0.054082,0.17156,0.38674,1.1142,2.9314,-2.3817,0.36563,1.1378,1.9628,-2.8117,-0.091141,0.8598,2.988,-0.74002,0.87661,0.70881,0.95891,-2.4914,-0.52249,0.45517,1.4447,-1.0882,0.28551,0.50303,0.97589,-1.3614,-0.090435,0.45906,1.3959,-0.80863,0.18182,0.49773,0.9593,-1.5623,-0.36264,0.31386,1.0027,-0.69512,0.017152,0.41602,0.68397,-1.5811,-0.24722,0.4103,1.13,-1.3297,-0.052082,0.49825,0.84048,-1.604,-0.012802,0.36828,0.87661,-0.52249,0.028993
