361.11,227.24,952.54,143,237.65,0.05885,0.24295,0.83916,6.5357,17.55,2.4,8.15,0.62849,1.7,0.15,0.8,8.15,0.89071,10.188,31.187,128.9,562.7,779.53,1.5778,4.4349,-3.4658,1.4884,1.0454,1.5433,-2.8817,-0.44963,0.88454,2.794,-1.3686,0.61144,0.626,1.4439,-1.4818,0.054838,0.57161,1.445,-1.4383,0.27569,0.55416,1.1314,-1.0483,-0.081291,0.52725,1.3086,-1.3575,-0.12872,0.40613,1.0089,-1.2719,-0.022765,0.37691,1.0744,-1.3199,0.012582,0.32493,0.90031,-0.80858,-0.030815,0.32547,0.98359,-0.91084,0.0039185,0.30725,0.69636,-0.7577,0.064136,0.48897,1.4884,-0.44963,0.14981
289.01,129.33,701.9,165.21,263.03,0.056225,0.19819,0.85106,13.749,27.55,0.35,12.783,0.68739,1.8,0.45,1.05,12.175,0.9241,12.175,37.894,147.37,558.68,796.52,1.4679,4.4443,-3.136,1.031,0.86235,1.9173,-2.157,0.11841,1.0747,2.798,-1.5176,0.73828,0.63601,1.3515,-1.4045,0.2583,0.51436,1.4146,-1.3632,0.39085,0.40757,1.0591,-1.009,0.29291,0.43663,0.8728,-1.1209,-0.049676,0.40064,0.8479,-1.5667,-0.24719,0.2618,0.85718,-0.61734,0.089329,0.2634,0.49274,-0.72502,-0.025096,0.28062,0.65038,-0.73834,-0.058615,0.31628,0.69053,-0.91577,0.024507,0.36383,1.031,-0.24719,0.21358
352.62,138.85,726.18,213.64,307.71,0.048713,0.22078,1.0256,5.9043,17.3,8.95,13.125,0.83267,1.85,0.25,0.91667,9.5455,0.90517,14.318,39.455,152.69,312.69,459.43,1.2285,3.9988,-2.8382,1.4459,0.95076,1.813,-2.7348,-0.39152,0.95768,2.5568,-1.136,0.76836,0.70105,1.5038,-1.8649,0.23074,0.55319,1.3382,-0.7876,0.39581,0.49148,1.0038,-1.2135,0.045454,0.3428,0.84694,-0.85002,-0.060398,0.29642,0.27323,-1.1548,-0.30017,0.24985,0.8579,-0.54462,0.059406,0.31274,1.0443,-0.40472,0.21889,0.27864,0.89844,-0.58324,-0.05992,0.44972,0.85227,-1.5854,-0.005869,0.49875,1.4459,-0.39152,0.19556
430.82,274.2,1082.8,214.11,276.36,0.048622,0.25769,0.61728,0,37.25,37.25,37.25,0.53033,1.7,0.95,1.325,14.057,0.93358,28.113,40.263,183.82,412.62,686.51,1.8401,4.628,-3.4138,1.4938,0.99301,1.9776,-1.8581,-0.18207,0.87997,2.0843,-1.8781,0.32278,0.58624,1.2969,-1.193,0.039468,0.58637,1.6994,-0.96103,0.33044,0.58681,1.4958,-1.3356,0.00015154,0.49573,1.6848,-1.2813,0.14387,0.41749,0.65375,-1.2632,-0.31991,0.36003,0.94547,-0.73885,0.22046,0.28247,0.75111,-0.68583,0.016528,0.27254,0.78113,-0.70815,-0.059668,0.27585,1.0261,-0.42783,0.21057,0.45627,1.4938,-0.31991,0.1847
332.77,190.03,788.19,127.32,227.29,0.050772,0.20465,0.84848,10.04,28.55,0.05,8.8571,0.57566,1.55,0.05,0.73125,10.598,0.91378,12.112,55.59,219.2,511.19,921.92,1.8072,4.6048,-3.1574,1.2923,0.8985,2.6838,-1.8962,0.10044,0.96169,2.8607,-1.72,0.68055,0.61978,1.4541,-2.0422,0.036152,0.42663,1.2822,-0.97722,0.19639,0.50832,1.4023,-1.2579,0.064278,0.45271,1.0432,-1.4996,-0.21448,0.34602,1.0252,-1.1539,-0.09695,0.40109,1.1708,-1.3535,0.075444,0.29566,0.58473,-1.3421,-0.093675,0.23286,0.55546,-0.72918,-0.082821,0.28274,0.92512,-0.80614,0.072818,0.41842,1.2923,-0.21448,0.16921
321.66,113.17,748.55,210.82,282.32,0.057424,0.24806,0.72917,10.582,26.3,0.4,13.275,0.80669,2.25,0.3,1.03,10.311,0.91159,12.888,43.738,186.86,584.81,1060.5,1.7302,5.1882,-3.0532,1.4523,0.92194,1.9655,-2.6598,-0.17242,0.91165,2.5758,-1.5586,0.4552,0.60235,1.449,-1.6415,0.062385,0.44708,1.6446,-1.1152,0.27422,0.50122,1.4534,-1.5571,-0.056784,0.48109,1.4459,-1.0625,-0.11159,0.28462,0.79072,-1.2632,-0.18693,0.40097,1.5451,-1.1008,0.14204,0.30767,0.7779,-0.81964,-0.018445,0.30095,0.82572,-0.83405,0.016741,0.30695,1.0368,-0.53865,0.17777,0.44552,1.4523,-0.18693,0.16954
341.55,169.61,891.13,143.78,278.74,0.061501,0.23022,0.6993,0,39.5,39.5,39.5,0.070711,0.7,0.6,0.65,30.385,0.96814,60.769,36.872,134.86,453.05,779.57,1.6185,4.3874,-2.5125,1.2686,0.83458,1.6996,-1.9821,0.026632,0.82738,3.3915,-0.74946,0.6733,0.5924,1.1165,-1.2017,0.0099795,0.49505,1.5808,-1.0848,0.33639,0.45088,1.0875,-1.1367,0.11369,0.60663,1.5617,-1.3407,-0.065651,0.40119,0.80383,-1.0644,-0.17855,0.42032,0.87976,-0.98709,0.023235,0.25719,0.53282,-0.64836,-0.019834,0.3995,0.6404,-1.1864,-0.10237,0.31796,0.79146,-0.9655,0.029231,0.41181,1.2686,-0.17855,0.17622
225.96,58.021,485.05,134.62,209.92,0.060034,0.19234,0.86331,13.011,29.65,11.25,20.45,0.45369,1.05,0.15,0.56667,24.059,0.96009,36.088,47.191,148.11,336.67,659.39,1.9585,5.0297,-3.319,1.4753,0.74046,1.887,-1.6077,-0.026631,0.96359,3.5506,-1.1627,1.1238,0.55063,1.5731,-1.2572,0.26641,0.29368,1.3723,-0.57592,0.25823,0.4016,0.90627,-0.88266,-0.030965,0.50978,1.1974,-1.1873,-0.082499,0.35667,0.65573,-1.1209,-0.14211,0.45269,0.89069,-1.275,-0.086886,0.31033,0.84286,-0.65153,0.0077394,0.3261,0.6813,-1.0807,-0.18381,0.24792,0.75606,-0.5799,0.086376,0.52768,1.4753,-0.18381,0.22208
219.32,73.08,548.23,92.166,199.1,0.057902,0.19366,0.8589,3.2578,21.85,15.85,18.117,0.41307,1.1,0.2,0.8125,16.723,0.94358,22.297,56.957,194.44,384.92,790.34,1.9504,4.427,-3.6558,1.3151,0.69037,1.6897,-1.8744,0.18962,0.9425,3.3737,-1.0378,0.97058,0.52167,1.965,-1.2274,0.24656,0.38394,1.4838,-0.87988,0.18145,0.46338,1.3051,-0.9231,0.19797,0.45259,1.5926,-1.0157,0.045243,0.3443,0.70717,-1.3574,-0.14519,0.40919,1.1542,-1.1067,0.053848,0.31317,0.77519,-0.87643,-0.076687,0.31838,0.69627,-1.0689,-0.15008,0.27581,1.0143,-0.71675,0.11924,0.44568,1.3151,-0.15008,0.24564
321.26,201.76,750.24,136.31,195.13,0.057885,0.22728,0.7563,5.0558,31.1,23.95,27.525,3.0112,6,0.45,2.55,7.1961,0.87799,10.794,50.146,239.74,604.41,932.47,1.6845,4.9605,-3.8013,2.033,1.0385,2.5787,-2.3436,0.052867,1.0272,3.4341,-1.6538,0.51008,0.67882,1.587,-1.7018,-0.14596,0.39342,1.2615,-1.1516,0.29516,0.5134,1.5597,-1.1483,0.07104,0.47865,0.8441,-1.3831,-0.22361,0.32065,0.81246,-1.0795,-0.065209,0.43625,1.052,-1.0321,0.041687,0.37273,1.0652,-0.76173,0.041556,0.2662,0.52149,-1.0202,-0.1674,0.27831,0.63757,-1.368,0.04023,0.60926,2.033,-0.22361,0.20696
270.9,99.115,641.87,154.82,241.38,0.04681,0.16559,0.94862,13.64,30.8,1.65,14.62,0.38308,1.2,0.2,0.475,25.649,0.96248,30.779,61.037,231.93,503.39,1100.5,1.4281,4.8153,-2.927,1.7943,1.0049,3.2485,-2.6559,0.056773,1.0653,3.1944,-2.4614,0.54007,0.69495,1.4613,-2.4809,-0.030594,0.50032,1.9154,-1.2846,0.35732,0.48684,1.3459,-1.1223,0.097582,0.52813,1.2971,-1.5185,-0.17279,0.35637,0.97933,-1.115,-0.081119,0.36077,1.1417,-0.75362,0.12065,0.27015,0.73685,-0.83987,-0.061925,0.26136,0.78325,-0.71178,-0.033583,0.2689,0.75889,-0.7402,0.13357,0.53169,1.7943,-0.17279,0.22669
344.61,238.64,965.52,150.79,219.72,0.052401,0.21747,0.75472,10.61,25.3,1,13.35,0.56899,1.7,0.35,0.7,15.257,0.93849,19.071,58.107,189.47,413.94,780.57,1.6704,4.8684,-2.9551,1.7223,0.82208,1.8732,-2.3825,0.025755,1.2204,3.9309,-1.3846,1.166,0.51682,1.1974,-1.7249,0.11273,0.42093,1.385,-0.78556,0.24701,0.50632,1.7014,-0.95736,0.29819,0.41495,0.96332,-1.5422,-0.1675,0.29923,0.73541,-1.0921,-0.085859,0.38931,1.0346,-1.1587,0.012661,0.2956,0.80806,-0.75493,-0.013255,0.3327,0.95714,-1.1833,-0.16655,0.29607,0.72978,-1.0555,-0.032514,0.58333,1.7223,-0.1675,0.25991
252.49,84.075,572.28,152.08,246.59,0.048219,0.20953,0.68966,10.359,26.85,12.2,19.525,0.70534,1.85,0.45,1.1,11.833,0.92208,17.75,52.366,174.97,369.7,495.38,1.4962,4.4878,-1.8248,1.5751,0.78984,1.9431,-2.1648,0.11592,0.91632,3.028,-0.8276,1.0365,0.43827,1.0948,-1.0428,0.14352,0.41657,1.3017,-1.0611,0.18345,0.59999,1.4265,-1.3041,0.2875,0.49418,1.2898,-1.5304,-0.098366,0.33963,0.62162,-1.0993,-0.19965,0.3126,1.0885,-0.60263,0.068794,0.30901,0.91146,-0.68529,0.011688,0.28906,0.71652,-0.71167,-0.11097,0.31219,0.81446,-0.83672,0.089255,0.52032,1.5751,-0.19965,0.25856
319.13,123.95,662.35,171.39,285.64,0.05583,0.2432,0.65789,9.4399,29.45,16.1,22.775,0.70711,1.65,0.65,1.15,19.804,0.95193,19.804,44.073,165.14,480.99,763.1,1.5294,4.3419,-2.3616,1.383,0.86253,1.9708,-2.5309,0.037588,0.92864,2.9598,-1.062,0.82955,0.46181,1.1028,-1.3107,0.094439,0.43915,1.3834,-1.0538,0.10566,0.6373,1.7419,-1.6293,0.2081,0.50163,1.3077,-1.3366,0.011536,0.40031,0.95247,-1.1924,-0.24155,0.36177,1.2551,-0.7331,0.061552,0.33634,1.0707,-0.72198,0.013703,0.28228,0.69844,-1.0193,-0.15469,0.31269,0.86621,-1.0486,0.043032,0.45497,1.383,-0.24155,0.19932
313.86,40.75,402.9,237.41,313.81,0.04209,0.15037,0.86957,9.8288,20.5,6.6,13.55,1.1822,2.65,0.3,1.4,6.4524,0.86581,9.6786,32.809,144.2,342.58,626.95,1.2607,4.413,-2.6912,0.83962,0.92306,1.6572,-2.4038,-0.091017,0.70306,2.2847,-0.87906,0.38615,0.60157,1.65,-1.6218,0.047061,0.61698,1.3615,-1.1551,0.15589,0.60054,1.1405,-1.5358,-0.24205,0.34681,1.0236,-0.77656,0.14878,0.37514,0.57172,-1.21,-0.19497,0.29981,1.0119,-0.51514,0.10396,0.34392,0.82295,-0.79854,-0.040139,0.24774,0.80718,-0.58332,0.10067,0.30274,0.88584,-0.88519,0.13145,0.2855,0.83962,-0.24205,0.11212
403.34,60.047,692.82,266.71,412.02,0.072753,0.3026,0.51282,11.597,23.4,7,15.2,0.36171,1.05,0.4,0.81667,12.408,0.92542,18.612,22.829,135.3,718.25,989.79,1.1333,3.4379,-1.904,0.59795,1.0398,2.1377,-2.904,-0.54756,0.65894,2.1169,-1.3263,0.23574,0.60977,1.1203,-1.8933,-0.19463,0.48122,1.3306,-1.1929,0.017876,0.5072,1.3618,-1.6443,-0.14972,0.36612,1.1532,-0.98694,-0.0073895,0.33125,0.59733,-1.1788,-0.28463,0.40975,0.6811,-1.7093,-0.13963,0.37403,0.4275,-1.642,-0.37503,0.60824,1.0747,-1.9066,-0.30178,0.5358,0.94451,-1.5867,-0.32251,0.30592,0.59795,-0.54756,-0.12261
360.57,70.842,675.71,231.18,369.46,0.031288,0.18023,0.6383,5.4555,14.9,2.7,7.7375,0.8121,2.35,0.25,1.08,5.7315,0.85144,7.1644,50.047,239.65,333.15,540.9,1.36,4.1552,-2.1029,1.0819,0.88892,2.1747,-2.3874,-0.13002,0.87009,2.4435,-1.2885,0.57004,0.72322,1.9035,-1.2743,0.061115,0.53814,1.5077,-1.5619,0.1993,0.45702,1.127,-0.9763,0.0051666,0.2648,0.91447,-0.52678,0.10858,0.38843,0.67877,-1.3559,-0.33218,0.34426,0.91624,-0.59118,0.10372,0.28611,0.61408,-0.79607,-0.077241,0.32865,0.61129,-1.1418,-0.23234,0.38574,0.82884,-1.2068,0.0095425,0.38053,1.0819,-0.33218,0.11396
467.48,217.37,1127.9,267.95,390.03,0.057377,0.26215,0.46512,17.183,28.45,4.15,16.3,0.80364,1.75,0.25,0.83333,13.04,0.92877,19.56,31.677,144.2,497.6,621.74,1.2083,4.7418,-0.92573,1.1898,1.2731,1.5124,-3.3999,-0.47856,0.59952,1.612,-1.2456,0.064391,0.58357,1.4148,-1.0553,0.027966,0.46998,0.91342,-1.1487,0.0026526,0.57153,1.8416,-1.271,0.074181,0.39207,1.2546,-0.82197,0.11038,0.42005,0.56559,-1.469,-0.2366,0.37657,0.77185,-1.3136,0.02623,0.4585,0.43897,-1.865,-0.3521,0.3718,0.60839,-1.4023,-0.18421,0.49006,0.67773,-1.3585,-0.053651,0.41358,1.1898,-0.47856,0.015871
355.39,82.98,697.06,218.73,335.41,0.071686,0.27141,0.73733,18.114,37.8,2.05,18.233,1.1184,2.25,0.2,0.96667,18.862,0.94965,18.862,38.073,125.13,750.69,1000.1,1.6673,5.0098,-3.7621,1.1267,0.75449,1.6087,-2.1156,-0.0002501,0.88845,2.7236,-2.0913,0.23091,0.60363,1.7815,-1.5912,0.046015,0.45834,1.2951,-0.98419,0.063456,0.48152,1.3755,-1.2798,-0.20367,0.32953,1.0557,-0.81649,0.16031,0.40733,0.61452,-1.6678,-0.20896,0.31914,0.83025,-1.0229,0.0087091,0.44912,1.1704,-1.5484,-0.12217,0.37556,0.64581,-1.339,-0.12163,0.50064,1.3461,-1.4428,0.11637,0.35457,1.1267,-0.20896,0.091312
436.6,42.558,507.2,333.33,435.7,0.048266,0.23795,0.57692,3.9757,17.5,9.55,13.483,0.49054,1.25,0.1,0.7375,13.712,0.93203,18.282,42.203,200.3,399.04,692.1,1.4433,3.6197,-2.9771,0.94506,1.0297,1.9693,-2.7608,0.18635,0.81417,2.3597,-1.7519,0.26986,0.72062,1.3713,-1.7647,0.019264,0.40339,1.7555,-0.73805,0.23645,0.57096,1.2501,-1.1217,0.072475,0.44683,1.2592,-1.1735,0.024137,0.40623,0.96923,-1.5296,-0.19784,0.41227,0.72036,-1.1948,-0.11118,0.51546,0.81442,-1.8344,-0.36346,0.63334,0.64781,-1.9174,-0.44387,0.58348,0.87965,-1.6202,-0.10774,0.36077,0.94506,-0.44387,0.044124
325.03,92.41,640.9,192.8,302.1,0.054761,0.24126,0.81395,3.4747,13.7,4.35,9.3833,1.1926,3.75,0.25,1.2714,6.3258,0.8635,7.3801,46.295,177.82,582.9,923.89,1.6355,3.9849,-3.1469,0.92441,0.74675,1.9841,-2.006,0.26973,0.7784,2.2703,-1.4159,0.6389,0.64766,1.721,-1.6918,0.1469,0.47429,1.4718,-1.2384,0.044703,0.51483,1.6784,-1.0295,0.16554,0.37207,1.2478,-0.73517,0.18971,0.50226,0.76577,-2.1363,-0.2678,0.37668,1.0549,-1.3874,0.024695,0.38329,0.74267,-1.3872,-0.18584,0.37037,0.79714,-1.8922,-0.052844,0.35344,1.4931,-1.0903,0.14928,0.33099,0.92441,-0.2678,0.17062
363.91,98.912,758.38,234.69,348.67,0.052913,0.222,0.74419,10.111,29.55,5.35,15.7,2.7378,6.45,0.05,1.58,7.9494,0.88826,9.9367,52.079,198.27,604.66,999.78,1.3671,4.4216,-1.8105,1.432,1.0668,2.7234,-2.3944,-0.044042,0.92227,2.7223,-2.2778,0.16395,0.54546,1.8291,-1.4092,-0.02491,0.45083,1.2875,-1.0066,0.094024,0.45559,1.1437,-1.556,0.022674,0.34172,0.94949,-0.77902,0.12435,0.46654,0.67405,-1.8958,-0.21749,0.38992,1.4414,-1.1382,0.021501,0.35364,1.0281,-1.4851,-0.032575,0.48986,0.85446,-2.3895,-0.066937,0.41737,1.3222,-1.6295,0.17786,0.42242,1.432,-0.21749,0.13753
319.62,97.478,853.81,216.14,292.41,0.02745,0.13327,0.85561,9.428,29,1.85,12.292,0.67188,2.1,0.3,0.98571,10.688,0.91445,12.47,81.237,464.43,283.87,734.88,1.4056,5.3664,-1.766,1.8465,1.2736,2.8174,-3.5981,0.022329,0.80236,2.2492,-1.7949,0.30194,0.66082,1.6734,-1.8726,0.15821,0.53956,1.7493,-1.3638,0.23045,0.48166,1.577,-1.2816,0.10698,0.40024,0.99092,-0.95012,0.13557,0.38901,0.67395,-1.4561,-0.15759,0.3101,0.96044,-0.84224,0.074061,0.30496,0.56897,-1.1834,-0.12473,0.41305,0.70939,-2.2067,-0.04663,0.37723,0.94238,-1.4047,0.21356,0.5281,1.8465,-0.15759,0.23005
356.62,95.852,636.95,188.35,344.95,0.058356,0.25408,0.7,4.5405,17.05,5.25,11.15,0.95603,2.25,0.05,1.1,8.447,0.89415,10.136,35.059,165.21,694.52,1059.9,1.4234,4.1986,-2.3263,1.4751,0.85037,2.2888,-2.0304,0.27575,0.9186,3.0512,-1.4606,0.69921,0.63984,1.4134,-1.6632,0.04253,0.41862,1.1755,-1.2153,0.036754,0.57375,1.3708,-1.7798,0.041245,0.37448,1.0525,-1.0295,0.12331,0.46729,0.97898,-1.6195,-0.28027,0.41945,1.0931,-1.6056,0.009182,0.33988,1.0861,-0.95581,-0.1876,0.41077,1.6057,-1.32,-0.087136,0.49594,1.9066,-1.3248,0.10345,0.47393,1.4751,-0.28027,0.18763
320.23,75.469,530.64,209.28,291.23,0.040902,0.21717,0.50633,2.1907,17.75,12.9,14.613,0.81655,2.45,0.25,1.36,8.5956,0.89579,10.744,31.946,203.1,588.87,1336.3,1.7093,4.6268,-2.7247,1.4398,1.0086,2.0427,-2.8196,0.21746,0.86385,2.9903,-1.299,0.77706,0.62104,1.8844,-1.3797,0.12671,0.48411,1.6723,-0.97587,0.10196,0.47029,1.56,-0.79607,0.12399,0.37012,1.2237,-1.067,0.16796,0.42352,0.90025,-1.6111,-0.23515,0.36267,0.96386,-1.1601,0.076839,0.30287,0.64991,-1.5591,-0.20256,0.4391,0.81353,-2.3897,-0.034309,0.32468,1.24,-0.98466,0.17919,0.45772,1.4398,-0.23515,0.22825
348.42,64.14,486.9,235.17,341.5,0.04446,0.22878,0.50761,6.3558,19.3,3.35,10.89,0.73052,1.9,0.05,1.2167,7.4589,0.88178,8.9507,42.306,205.12,616.59,970.81,1.2859,4.7351,-1.6534,1.3389,0.84837,2.4023,-1.6494,0.40727,0.92484,2.7139,-1.2157,0.84973,0.55495,1.1338,-1.4747,0.01008,0.428,1.2864,-0.88477,0.2005,0.58005,1.8698,-1.2485,0.1656,0.31864,0.91247,-0.98623,0.086054,0.48978,0.93037,-1.3481,-0.26066,0.34808,0.82953,-1.2936,0.065988,0.36308,0.91731,-1.3208,-0.23121,0.52261,0.65226,-2.1722,-0.11957,0.32213,1.0968,-1.126,0.13532,0.46022,1.3389,-0.26066,0.22067
335.04,141.64,1018.3,216.96,293.3,0.034008,0.1839,0.53097,5.6373,15.5,3.05,7.1875,0.89261,2.3,0.15,0.86,6.686,0.86989,8.3576,33.632,143.95,491.46,692.94,1.6308,5.0097,-2.8966,1.3365,1.2507,1.9862,-3.398,-0.76786,0.68387,2.51,-0.58417,0.76467,0.62293,1.1039,-1.5738,-0.042139,0.52676,1.7275,-0.68597,0.47636,0.47571,0.71674,-1.9392,-0.49159,0.36272,1.1077,-0.71026,0.14568,0.46882,0.90178,-1.4321,-0.22106,0.37844,1.1952,-0.65539,0.15169,0.24974,0.57919,-0.83074,-0.076554,0.32512,0.90567,-0.46082,0.29584,0.25542,0.73573,-0.60867,0.045757,0.55609,1.3365,-0.76786,0.13478
320.62,100.85,570.57,213.43,282.76,0.031835,0.16463,0.47619,0.21213,15,14.7,14.85,0.50083,1.3,0.3,0.81667,12.122,0.92379,18.184,52.005,267.48,326.56,437.07,1.2686,4.9323,-0.91447,1.6456,1.0258,1.5312,-3.9596,-0.20815,0.99995,2.9848,-1.0809,1.2202,0.69591,1.2335,-1.5084,-0.031746,0.31762,1.1792,-0.382,0.48816,0.45742,0.67319,-1.0866,-0.28107,0.39818,1.4059,-0.96007,-0.025228,0.42706,0.63956,-1.199,-0.16729,0.3292,0.97022,-0.55343,0.10109,0.29994,0.67414,-0.96495,-0.033655,0.35941,0.81387,-0.93952,0.16887,0.29151,1.1177,-0.38623,0.25148,0.5935,1.6456,-0.28107,0.26069
303.49,72.658,623.53,235.14,284.86,0.031152,0.20369,0.57143,18.067,29.1,3.55,16.325,0.95699,2.1,0.25,1.0333,10.532,0.91329,15.798,61.655,364.62,207.91,497.96,1.1202,4.1959,-1.1683,1.4959,1.537,2.5283,-3.7225,-0.687,0.74618,2.693,-1.3223,0.89283,0.57954,1.2949,-1.2328,0.080993,0.38453,1.3291,-0.62907,0.44154,0.48649,0.84633,-1.3385,-0.25347,0.33058,1.0529,-0.55739,0.11645,0.43116,0.81894,-1.4306,-0.15091,0.36889,1.5495,-0.39619,0.19109,0.2826,0.52899,-0.73508,-0.057323,0.28933,1.1775,-0.50881,0.28484,0.32888,1.1662,-0.81829,0.07889,0.55942,1.4959,-0.687,0.20282
333.64,88.183,672.34,211.48,318.64,0.05105,0.19813,0.71429,8.9865,25.7,2.4,10.408,0.38016,1.3,0.25,0.65714,13.576,0.93139,15.839,40.517,184.92,699.62,1361.7,1.7683,5.1526,-3.5145,1.2001,1.0761,1.9911,-3.6767,-0.29861,0.80565,2.4072,-1.4164,0.62197,0.78049,1.4922,-3.2903,-0.34422,0.49335,1.5997,-1.045,0.40474,0.47429,0.75309,-1.7716,-0.47084,0.36436,1.4408,-1.0022,0.012851,0.42974,0.71064,-2.0282,-0.0829,0.31363,0.76056,-1.2041,-0.033137,0.34785,0.67857,-1.5703,-0.14879,0.32166,0.98244,-1.1132,0.18037,0.48049,0.89955,-2.2361,-0.060657,0.46774,1.2001,-0.47084,0.081739
403.02,144.83,843.19,232.7,364.8,0.041625,0.17602,0.82192,8.0499,24.45,0.9,8.1214,0.77318,2.6,0.25,0.73125,9.7179,0.9067,11.106,46.089,198.89,561.73,1186.9,1.702,5.4781,-3.6266,0.98681,1.0914,2.0995,-3.6105,-0.40424,0.86657,2.78,-1.4822,0.6613,0.78914,1.1236,-2.7527,-0.36695,0.43655,1.3964,-1.1631,0.34929,0.5591,0.80092,-1.8828,-0.62896,0.43906,1.3642,-0.91391,0.11931,0.43632,0.75424,-1.9556,-0.18535,0.3567,1.0761,-1.0597,0.00057298,0.38317,0.94206,-1.319,-0.093926,0.36344,0.95114,-1.122,0.1006,0.57568,1.0434,-2.0974,-0.18095,0.45889,0.98681,-0.62896,0.029791
409.29,88.234,738.6,182.07,398.55,0.053828,0.22489,0.67114,15.061,28.6,7.3,17.95,0.5058,1.55,0.65,0.96667,12.379,0.92526,18.569,24.669,116.85,856.57,1162.4,1.3083,3.4422,-2.9971,0.7004,1.2086,1.733,-3.442,-0.50435,0.85007,2.7983,-1.2082,0.8238,0.77083,0.90118,-2.1493,-0.51214,0.3104,1.33,-0.3298,0.47421,0.61216,1.0824,-2.205,-0.58424,0.46454,0.96999,-1.1319,-0.064059,0.55213,0.72427,-1.8036,-0.2441,0.40743,0.75935,-1.252,-0.12628,0.55463,0.56766,-1.9227,-0.2968,0.41033,0.52297,-1.5862,-0.12427,0.49337,0.76733,-1.6647,-0.25916,0.47286,0.8238,-0.58424,-0.059749
254.08,36.26,363.51,194.46,250.78,0.0661,0.20778,0.63694,8.2265,23.3,8.6,13.817,0.74875,1.8,0.15,0.9875,10.494,0.913,13.992,37.036,136.69,508.32,696.36,1.5571,3.9906,-2.9855,1.6661,1.1055,2.0253,-3.1032,-0.13077,0.78569,2.8938,-0.65408,1.0544,0.64038,1.3375,-1.6938,0.11868,0.43018,1.7605,-0.58365,0.58892,0.47888,1.1396,-1.4832,-0.21104,0.43335,1.0918,-1.3422,0.11293,0.39443,0.77901,-1.3637,-0.16864,0.31095,0.87753,-0.65195,0.11498,0.24669,0.46279,-0.80272,-0.069609,0.24177,0.87803,-0.39329,0.22532,0.28131,1.0417,-0.63597,0.13958,0.56028,1.6661,-0.21104,0.28674
320.25,78.169,595.08,177.61,295.93,0.067315,0.1959,0.81633,9.051,26.6,13.8,20.2,0.88081,1.6,0.05,0.58333,23.086,0.95848,34.629,37.371,121.97,562.38,805.79,1.5282,3.8867,-4.1975,1.3024,0.86304,2.5368,-2.6052,0.0065327,0.88401,3.148,-0.97345,1.3061,0.72433,1.1638,-2.0992,-0.25939,0.42849,1.5343,-0.7821,0.33275,0.60091,1.1158,-1.6546,-0.42961,0.31711,0.99012,-0.71756,0.2486,0.4498,0.65301,-1.6903,-0.20552,0.35792,0.90922,-0.92661,-0.070886,0.2603,0.72169,-0.9212,-0.013021,0.34914,0.9886,-1.0264,0.1569,0.41282,0.79139,-1.4251,-0.054473,0.56025,1.3061,-0.42961,0.19336
211.8,23.61,275.02,164.88,217.1,0.086127,0.25487,0.5814,6.2579,30.35,21.5,25.925,0.45826,1.05,0.15,0.55,31.424,0.96916,47.136,50.284,131.49,456.49,625.85,1.3744,4.8232,-1.2781,2.0322,1.3048,2.595,-3.3192,-0.041208,0.96815,3.1938,-1.7355,0.69602,0.55586,1.5612,-1.3308,0.074407,0.46919,1.8468,-0.56182,0.57545,0.39013,0.93131,-1.1587,-0.13621,0.36399,0.92099,-0.97285,-0.095722,0.3588,0.92171,-1.0033,0.12896,0.33755,0.88477,-1.0776,-0.048055,0.27236,0.98567,-1.118,-0.065899,0.26741,1.0022,-0.60842,0.12778,0.22198,0.84927,-0.39076,0.16568,0.60875,2.0322,-0.13621,0.28445
277.7,54.243,381.49,202.4,257.02,0.041442,0.17483,0.37975,22.026,39.95,8.8,24.375,0.90139,1.9,0.15,0.9,18.056,0.94752,27.083,50.234,217.48,434.68,782.07,1.2119,4.4144,-1.3707,1.8543,1.503,3.3227,-3.7921,-0.36774,0.94909,3.2841,-1.8227,0.72614,0.8462,1.5591,-2.9024,-0.20254,0.56042,1.9813,-1.2825,0.62367,0.48885,1.0541,-1.5445,-0.27551,0.36793,0.73131,-1.2037,-0.041739,0.38011,0.882,-1.1444,-0.0050854,0.36085,1.4403,-0.9772,0.0061877,0.27518,0.51386,-1.0082,-0.074841,0.26167,0.93698,-0.44177,0.17638,0.31867,1.0194,-0.76215,0.14914,0.61184,1.8543,-0.36774,0.21403
316.12,95.897,793.12,215.78,287.83,0.055494,0.21675,0.65934,36.805,59.35,7.3,33.325,1.8514,4.15,0.55,2.1,10.579,0.91364,15.869,30.276,104.05,916.97,1276.9,1.1949,5.2761,-1.1313,1.4351,1.2868,1.7551,-3.3849,-0.49191,0.85141,2.9941,-1.3301,0.60942,0.72115,1.5672,-1.8451,-0.17986,0.45737,1.801,-0.75613,0.64303,0.50528,0.88889,-1.8092,-0.48407,0.42925,1.153,-0.88364,0.16053,0.46519,0.71275,-1.7419,-0.21195,0.37114,1.0883,-0.89569,0.1384,0.26421,0.68767,-0.73473,-0.069638,0.31159,1.2008,-0.67193,0.20308,0.28538,0.85171,-0.71889,0.040939,0.54126,1.4351,-0.49191,0.14942
259.67,39.831,511.14,213.42,253.15,0.0739,0.22794,0.98361,3.5432,15.75,7.3,11.775,0.53221,1.45,0.25,0.87,10.828,0.91545,13.534,33.739,145.4,863.32,1070.1,1.1726,4.4948,-2.6944,1.6353,0.9533,2.8706,-3.1955,-0.063289,0.8942,3.1163,-0.85407,1.3523,0.7101,1.2755,-1.999,-0.14307,0.44146,1.5478,-0.70659,0.44569,0.56167,1.0852,-1.9392,-0.48861,0.36345,1.086,-0.83601,0.16515,0.37856,0.59155,-1.018,-0.25242,0.37555,1.0574,-0.8709,0.098746,0.26709,1.0284,-0.68025,0.035465,0.32369,1.1121,-0.6693,0.21125,0.29482,0.88671,-0.46131,0.14945,0.62589,1.6353,-0.48861,0.26217
330.81,70.867,634.1,202.97,316.93,0.062462,0.21133,0.8589,8.2731,26.7,15,20.85,0.20207,0.7,0.3,0.48333,28.759,0.9664,43.138,34.147,124.6,567.21,753.65,1.3137,4.5368,-2.0318,1.2855,1.08,2.3921,-2.8968,-0.087049,0.82219,2.7449,-0.49007,1.1427,0.71977,1.0274,-1.8394,-0.31633,0.40316,1.7951,-0.54164,0.50723,0.63494,0.88064,-2.3786,-0.40847,0.42909,0.94473,-1.1868,0.026285,0.39984,0.642,-1.1108,-0.20066,0.26936,0.81276,-0.83278,-0.044059,0.31755,0.55324,-1.254,-0.087886,0.36498,0.95903,-0.88649,0.15803,0.59697,1.0044,-1.841,-0.066238,0.54494,1.2855,-0.40847,0.1591
721.1,429.89,1303.8,143.68,996.99,0.049462,0.17089,0.72464,4.208,17.45,9.05,13.4,0.8606,1.85,0.05,0.5625,17.867,0.947,23.822,25.522,125.41,545.56,1197.7,1.6769,3.6129,-3.166,1.2347,0.99862,1.1846,-3.2362,-0.82972,0.83215,2.8557,-1.2169,0.27532,0.54235,1.1282,-1.3437,-0.013069,0.33171,1.4435,-0.58495,0.48387,0.38133,1.1575,-0.76405,0.0085687,0.39216,1.2443,-0.8099,0.1162,0.34218,0.61066,-1.2087,-0.10643,0.34772,0.9149,-1.1,-0.11156,0.27979,0.75528,-0.6848,0.054738,0.22438,0.55143,-0.62606,-0.083652,0.26152,0.89051,-0.72124,0.046963,0.47444,1.2347,-0.82972,0.089659
532.44,404.27,1193.4,116.19,223.11,0.053096,0.18341,0.83333,14.955,29.85,8.7,19.275,0.65574,1.45,0.15,0.85,15.118,0.93796,22.676,26.517,146.94,536.07,1131.3,1.8607,4.2062,-3.6117,1.3568,0.94692,1.7915,-3.635,-0.44154,0.98113,3.0952,-0.94699,0.53865,0.74765,2.0128,-2.2717,-0.07501,0.43304,1.9527,-0.5246,0.48586,0.47273,1.5376,-0.75456,0.32143,0.39456,0.76978,-0.96845,-0.027651,0.38009,0.90747,-1.1806,-0.17846,0.34139,0.56062,-1.3351,-0.1098,0.29629,0.98877,-0.32337,0.19099,0.30093,0.42948,-1.3036,-0.18218,0.27923,0.71001,-0.54737,0.088548,0.47392,1.3568,-0.44154,0.16397
397.44,304.03,1105.4,82.301,227.62,0.065286,0.19641,0.72727,14.779,38,17.1,27.55,0.42426,0.8,0.2,0.5,55.1,0.98217,55.1,22.778,112.77,814.04,1870.6,1.5902,3.8451,-2.6579,1.1423,0.88438,1.5445,-2.6429,-0.28097,0.89059,2.7643,-1.4675,0.43827,0.57658,1.2439,-1.2846,-0.20323,0.45038,1.314,-1.4025,0.17605,0.34473,1.0007,-0.724,0.21418,0.43167,0.96735,-1.4406,-0.083382,0.34753,0.81414,-1.2817,-0.12995,0.33319,0.89925,-1.1628,-0.089484,0.3062,0.84365,-0.76797,0.1388,0.26627,0.6652,-1.0016,-0.12521,0.25575,0.84762,-0.46847,0.11429,0.385,1.1423,-0.28097,0.1093
621.93,349.16,1154.7,225.03,373.57,0.061028,0.30767,0.52174,16.9,27.9,4,15.95,1.0004,2.1,0.1,1.1167,9.5224,0.90496,14.284,30.089,153.89,437.18,830.37,1.6162,4.9738,-2.5376,1.6291,1.3889,1.6687,-4.6024,-0.71024,0.76546,2.2752,-1.2263,0.26698,0.66142,1.437,-1.7943,-0.14947,0.37651,1.6017,-0.51823,0.35936,0.47384,1.1621,-1.3923,0.15384,0.48108,1.0355,-1.2798,-0.050275,0.3113,1.107,-0.71735,-0.060128,0.33977,0.8438,-0.85786,-0.028333,0.26718,0.89096,-0.53847,0.16179,0.25614,0.46866,-0.72645,-0.07672,0.21996,0.70349,-0.4152,0.071163,0.54308,1.6291,-0.71024,0.13059
279.84,108.67,698.86,113.63,265.18,0.022837,0.13841,0.67416,8.6847,23.55,2.5,9.0571,1.5499,5.05,0.5,1.3312,5.9531,0.85618,6.8035,119.78,763.21,191.61,661.16,1.7017,4.4531,-3.0515,1.4533,0.92914,2.9647,-3.0061,-0.15632,0.78847,2.4142,-1.2331,0.57264,0.59503,1.4127,-2.7673,-0.035778,0.34341,1.3933,-0.61373,0.40007,0.37878,1.3294,-0.79504,0.26363,0.43796,0.72492,-2.0155,-0.35977,0.31545,0.79767,-1.0266,-0.13656,0.30831,0.92667,-1.0934,-0.034002,0.27632,0.6524,-1.0131,-0.081326,0.2911,0.68684,-1.1522,-0.083562,0.24519,0.88509,-0.72408,0.10456,0.48299,1.4533,-0.35977,0.15891
684.49,411.13,1116.5,168.12,1003.9,0.02757,0.23639,0.52632,0,36.7,36.7,36.7,0,0.9,0.9,0.9,20.389,0.95325,40.778,65.833,445,220.37,568.24,1.9711,4.4218,-3.2581,1.0858,1.1246,1.8799,-3.7099,-0.30526,0.86535,2.6078,-1.0505,0.50707,0.42458,0.97526,-1.8001,-0.020895,0.40322,1.1888,-0.91336,0.27778,0.50287,1.7252,-0.74528,0.27855,0.39394,1.0712,-0.8476,0.12936,0.22385,0.462,-0.69441,-0.101,0.27279,0.57764,-0.81843,-0.095334,0.25521,0.72284,-0.71247,0.069279,0.25455,0.51166,-0.85131,0.020931,0.25488,0.76741,-0.47473,0.047653,0.36043,1.0858,-0.30526,0.15783
439.46,312.28,1057.3,160.86,272.37,0.036698,0.23012,0.51282,2.192,28.1,25,26.55,0.87892,1.75,0.1,1.1,16.091,0.94149,24.136,74.011,343.44,318.47,732.89,1.7102,4.2989,-2.6642,1.5956,1.3362,4.0883,-3.6957,-0.30857,0.92808,3.2229,-1.127,0.53722,0.62699,1.1784,-2.2449,-0.15472,0.40433,1.5067,-0.63819,0.32289,0.4543,1.4462,-0.82826,0.26353,0.47386,0.9372,-1.3975,-0.23809,0.28816,0.73015,-0.82088,-0.077252,0.36217,1.0056,-0.92572,-0.029881,0.28965,0.86454,-0.81337,0.068987,0.2973,0.6893,-0.85263,-0.080664,0.27097,0.79853,-0.76768,0.013416,0.51325,1.5956,-0.30857,0.15937
689.74,442.22,1222.6,115.81,832.95,0.041055,0.32268,0.35294,30.156,66.2,4.5,21.012,0.6138,1.85,0.3,0.94,17.883,0.94704,22.354,57.513,347.91,557.4,1432.6,1.3513,4.5048,-1.8158,1.9732,1.3812,3.0246,-4.4869,-0.50423,0.88134,3.3371,-1.5496,0.45582,0.67101,1.5873,-2.2109,0.021114,0.50026,1.5264,-1.4995,0.36169,0.51458,1.6929,-0.91478,0.27431,0.44182,0.73094,-1.8745,-0.29635,0.37521,0.94499,-1.4436,-0.075462,0.41092,1.3798,-1.1688,0.05416,0.33732,1.061,-0.8842,-0.05726,0.24092,0.74265,-0.73632,-0.086284,0.28265,1.1014,-0.56422,0.19357,0.62235,1.9732,-0.50423,0.19286
377.02,101.37,629.67,181.5,385.17,0.03675,0.23967,0.63492,10.408,25.85,1.45,15.125,0.42338,1.15,0.05,0.56,21.607,0.95577,27.009,50.994,399.59,455.59,1195.4,1.5975,4.0802,-2.7597,1.6385,1.0154,1.5926,-3.3601,-0.40324,0.93829,3.0464,-0.83279,0.94453,0.51218,1.32,-1.3733,0.10521,0.40654,1.6915,-1.1694,0.23508,0.41405,1.5522,-0.6424,0.23831,0.51461,0.92981,-2.2497,-0.24962,0.34461,0.53071,-1.1349,-0.22547,0.32747,0.81173,-1.1734,-0.058999,0.30827,0.62878,-0.81408,-0.058944,0.28823,0.63992,-1.001,-0.070421,0.34609,0.81047,-1.6579,0.14598,0.57131,1.6385,-0.40324,0.18674
267.52,69.52,340.56,161.63,312.99,0.024848,0.17493,0.48193,5.6023,15.1,2.2,7.375,0.69282,1.95,0.3,1.1,5.7468,0.85178,6.7045,92.96,430.46,203.16,537.39,1.5145,4.2939,-2.0635,1.5731,1.0571,2.0663,-3.8078,-0.24657,1.0669,3.4372,-1.3518,0.90533,0.51899,1.3404,-2.2774,-0.039193,0.42264,1.8606,-0.58992,0.38455,0.44492,2.0781,-1.0581,0.33059,0.44004,0.81811,-1.8284,-0.2358,0.40176,1.2624,-1.0324,-0.038967,0.37146,0.87106,-1.2457,-0.15466,0.29006,1.0431,-0.83106,0.056809,0.2489,0.72505,-0.93864,-0.079854,0.28403,0.76765,-1.1761,0.037119,0.53836,1.5731,-0.24657,0.20771
458.04,293.86,1077.3,197.38,284.4,0.044207,0.19694,0.84211,3.425,11.15,1.6,5.575,0.26882,1.05,0.3,0.56429,8.4684,0.89439,9.8797,45.448,188.15,308.55,618.95,1.5788,4.7406,-3.0365,1.906,1.109,1.6747,-3.4128,-0.59381,0.76614,2.0932,-1.4855,0.60361,0.56494,0.80906,-1.9344,-0.19608,0.49681,0.90498,-1.6779,-0.067975,0.46893,1.6846,-1.0432,0.13483,0.42594,0.95929,-1.1903,-0.0092251,0.41485,1.0204,-0.92598,0.14027,0.28861,0.66679,-0.98381,-0.043797,0.32329,0.90401,-0.81695,0.030694,0.31557,1.0378,-0.87567,0.03896,0.30252,0.7471,-0.736,-0.024959,0.61268,1.906,-0.59381,0.15988
587.65,321.87,1116.9,249.46,370.98,0.039825,0.21887,0.63694,9.6116,23.45,0.05,11.188,0.39906,1,0.05,0.56,15.982,0.94111,19.978,52.411,270.44,287.74,774.03,1.6721,4.2287,-2.8058,1.7674,1.3884,2.3603,-3.8353,-0.67065,0.95491,2.5432,-1.4466,0.59653,0.78435,1.3343,-1.799,-0.06119,0.55727,1.4073,-1.3185,0.096975,0.41173,1.3533,-0.87402,0.26997,0.37021,0.71467,-1.2703,-0.032611,0.39989,1.1557,-0.81076,0.062051,0.36589,0.91417,-1.0087,0.020798,0.44777,1.416,-0.61969,0.061045,0.26471,0.90712,-0.63678,-0.048507,0.29282,0.61706,-0.93574,-0.037567,0.57893,1.7674,-0.67065,0.16869
484.24,338.03,1135.5,188.19,296.4,0.047879,0.28585,0.36364,9.1693,21.7,3.6,11.375,1.222,3.15,0.1,1.42,6.4085,0.86502,8.0106,44.407,317,475.02,943.63,1.5132,4.9438,-2.0115,1.988,1.3361,1.8779,-3.9973,-0.72167,0.81959,2.3841,-1.4593,0.48434,0.55223,1.1702,-1.6347,-0.09165,0.41391,1.009,-1.2009,-0.008611,0.48511,1.9093,-1.0064,0.14373,0.55773,1.1447,-1.3138,0.027046,0.2827,1.0309,-0.6575,0.19654,0.37267,0.92454,-0.79798,-0.00076451,0.34784,1.0218,-0.70493,0.1437,0.28643,0.62535,-0.83228,-0.13238,0.22085,0.77888,-0.54508,0.061063,0.63633,1.988,-0.72167,0.17411
308.9,191.14,763.27,125.7,191.33,0.045856,0.23003,0.50847,8.7663,26.1,1.15,8.9125,0.90845,2.7,0.1,0.94444,8.3882,0.89348,9.4368,61.873,221.32,390.29,998.84,2.0164,5.4314,-3.5298,2.0272,1.0561,2.6838,-2.5393,0.03705,0.79021,2.7648,-1.0696,0.66584,0.7497,1.416,-3.0183,-0.209,0.48299,1.838,-0.77279,0.25966,0.50916,1.7924,-1.1404,0.14767,0.47145,0.96659,-1.4706,-0.18444,0.32334,1.1966,-0.66042,0.1194,0.31429,0.77006,-1.0404,-0.025662,0.30444,0.8096,-0.93895,-0.08674,0.30489,0.61432,-0.93742,-0.092794,0.31174,1.0155,-0.88126,-0.048769,0.61696,2.0272,-0.209,0.21745
339.2,104.12,617.03,238.45,302.14,0.043749,0.19724,0.67114,9.5465,24.35,6.65,13.433,0.86458,2.05,0.2,0.875,11.514,0.92009,15.352,52.154,298.32,336.9,701.54,1.5475,4.5885,-2.4427,1.8763,1.0225,1.8034,-2.6789,-0.24356,0.8576,3.1017,-0.88118,0.69531,0.66608,1.183,-1.6954,-0.17521,0.43649,1.1293,-1.2627,0.11544,0.44966,1.1815,-0.64474,0.30935,0.60345,1.5855,-1.5147,-0.089811,0.3211,0.92802,-0.60213,0.12016,0.32548,0.72716,-0.96811,0.012369,0.31954,0.59762,-1.0564,-0.013451,0.29879,0.88513,-0.63911,0.042102,0.2871,0.84957,-0.65434,0.04882,0.57395,1.8763,-0.24356,0.22482
286.83,91.846,548.05,194.92,238.98,0.055491,0.20745,1,7.2717,24.7,10.25,17,0.84607,1.95,0.35,1.075,11.86,0.92224,15.814,63.509,287.57,359.98,745.27,1.81,4.473,-3.1127,1.8727,0.82608,2.0335,-2.2385,-0.14492,0.78173,2.6581,-1.1535,0.95372,0.54492,1.2844,-1.6628,0.23996,0.33581,1.2429,-0.82369,0.062196,0.45876,1.4732,-0.78224,0.21593,0.41955,1.4278,-1.1353,0.22566,0.29974,0.8998,-0.98582,0.020926,0.36705,1.054,-1.2154,-0.077917,0.26475,1.0256,-0.71095,-0.0060709,0.31699,0.88898,-0.89547,-0.097319,0.31905,1.3713,-0.43913,0.090685,0.57859,1.8727,-0.14492,0.27963
355.11,263.22,968.63,139.16,223.24,0.069015,0.28009,0.47619,0,61.1,61.1,61.1,0.84853,2.05,0.85,1.45,21.069,0.95469,42.138,45.838,140.89,625.33,904.42,1.6123,4.8898,-2.1109,2.4598,1.2533,2.7656,-2.9128,-0.3689,0.79626,2.585,-1.4956,0.40569,0.8151,1.3319,-2.1431,-0.26906,0.43362,1.1084,-1.1542,0.20834,0.45829,1.4515,-0.92042,0.26741,0.52991,0.97476,-1.411,-0.1847,0.36228,1.3791,-1.0205,0.11782,0.32011,0.85696,-0.96345,-0.087104,0.47443,1.3893,-0.8072,0.14403,0.28805,0.46214,-1.0481,-0.1815,0.28012,1.1911,-0.85747,0.051028,0.74485,2.4598,-0.3689,0.21357
401.86,347.56,1094.8,133.48,174.71,0.028116,0.10939,0.63636,21.774,52.8,1.1,15.24,0.48956,1.55,0.1,0.68333,18.585,0.94894,22.302,117.26,448.86,263.4,671.81,1.6919,5.3497,-1.8202,2.3957,1.1949,3.1438,-3.6117,0.047231,0.89512,3.2235,-0.95077,0.65904,0.91012,1.4298,-2.8179,-0.22858,0.47521,1.7844,-0.9101,0.47891,0.40056,1.8247,-0.74,0.26146,0.42174,0.91435,-1.2097,-0.08096,0.30921,0.82795,-1.0036,0.12934,0.32953,0.81789,-1.0892,-0.047038,0.32498,1.0084,-0.87817,-0.019323,0.32942,0.79605,-1.049,-0.19267,0.27844,0.9697,-0.57144,0.048116,0.71342,2.3957,-0.22858,0.2876
363.96,235.15,995.71,191.51,270.48,0.039384,0.23842,0.58065,8.9393,24.2,3.65,13.3,0.9787,2.9,0.15,1.275,9.1275,0.90126,10.431,65.445,360.75,600.87,1447.5,1.443,5.081,-2.7012,2.2022,1.1313,2.7137,-3.1789,-0.18097,0.946,2.6702,-1.6372,0.51024,0.71347,1.4031,-2.3901,-0.040508,0.49838,1.5765,-1.0645,0.21204,0.4733,1.5498,-1.4547,0.19865,0.45479,1.1859,-1.169,-0.076615,0.35435,0.95274,-0.97531,0.043618,0.28457,0.72687,-0.91768,0.056825,0.30771,1.0015,-0.80785,0.005156,0.2517,0.65514,-0.78151,-0.065813,0.3005,0.86668,-0.93351,0.017818,0.64329,2.2022,-0.18097,0.24022
277.72,120.25,683.85,140.84,257.89,0.058131,0.23077,0.70485,4.1353,15.2,1.9,7.6667,0.47214,1.5,0.2,0.625,11.04,0.91694,12.267,50.163,236.92,536.84,1218.4,1.4011,5.6218,-2.216,2.1096,0.92918,1.9671,-2.423,-0.12347,0.93784,3.312,-1.1146,1.0489,0.55529,1.2154,-1.6271,0.047095,0.47115,1.119,-1.2931,0.057174,0.4224,1.4505,-0.88554,0.20569,0.46394,1.2053,-1.6911,-0.051594,0.3521,1.019,-1.1917,0.017194,0.36136,0.99163,-0.92106,0.035031,0.35521,1.1917,-0.89998,-0.025547,0.33786,0.66794,-1.2792,-0.087087,0.27809,0.65221,-0.76554,-0.044041,0.65925,2.1096,-0.12347,0.26575
376.98,250.55,1034.2,156.88,252.51,0.04186,0.19102,0.70588,12.648,32.2,6.3,13.25,0.56347,1.4,0.15,0.75,14.133,0.93392,17.667,61.824,242.78,349.1,673.68,1.4151,4.5814,-2.1131,2.1504,0.97896,2.3107,-2.6387,-0.29957,0.99448,3.3589,-0.98378,0.88168,0.55675,1.2303,-1.5457,0.067169,0.41679,1.3362,-0.91425,0.13887,0.46858,2.0022,-0.51021,0.37219,0.52421,1.5001,-1.5025,0.054788,0.40452,1.0568,-0.9442,0.014868,0.34202,0.75791,-1.2184,-0.030251,0.39847,1.0055,-1.0617,-0.023638,0.27874,0.44197,-0.9758,-0.16849,0.25658,0.63293,-0.64746,-0.034932,0.66574,2.1504,-0.29957,0.26026
331.76,266.07,970.18,156.25,211.4,0.042956,0.1755,0.70922,5.9818,18.65,4.8,10.438,0.3698,1.3,0.3,0.89,9.382,0.90368,11.728,29.556,137.88,645.76,1000.5,1.4957,4.4085,-3.1889,1.6114,1.1923,1.5531,-4.0074,-0.53898,1.1404,3.107,-1.82,0.76743,0.62036,0.68411,-2.3378,-0.34613,0.45105,1.1838,-1.5197,0.28818,0.50368,1.1955,-0.96661,0.27192,0.45025,0.88794,-1.7517,-0.38827,0.36313,0.89854,-0.88825,0.097756,0.38146,0.9712,-1.2745,-0.16507,0.33851,1.0333,-0.59042,0.036746,0.27716,0.60002,-0.86188,-0.096893,0.2783,0.69191,-0.71177,0.019597,0.58382,1.6114,-0.53898,0.12981
410.44,240.55,981.53,164.04,302.61,0.062321,0.22513,1.2195,9.7227,20.05,6.3,13.175,0.73711,1.5,0.1,0.93333,9.4107,0.90395,14.116,41.695,137.38,303.46,460.23,1.5262,4.4299,-2.8991,1.7202,0.97756,2.7327,-2.5036,0.039082,1.1491,3.0572,-1.3138,0.80735,0.57702,0.88481,-2.0472,-0.39423,0.34771,0.98234,-0.58211,0.33536,0.524,1.6089,-1.227,0.17513,0.3648,0.71042,-1.0061,-0.027356,0.26623,0.66112,-0.72595,-0.034225,0.45404,1.0301,-1.1621,-0.1124,0.30256,0.73956,-0.569,0.038792,0.30809,0.40359,-1.0587,-0.17319,0.27511,0.82293,-0.50874,0.1353,0.56007,1.7202,-0.39423,0.20915
453.51,311.36,991.97,157.39,216.7,0.075529,0.26085,0.75472,8.6621,18.9,6.65,12.775,0.80052,1.75,0.15,0.93333,9.125,0.90123,13.688,32.035,111.73,393.26,580.49,1.3406,4.5324,-2.4514,2.042,1.0777,2.5104,-2.5972,-0.36757,1.252,3.6499,-1.0782,1.1062,0.61301,0.76067,-2.0329,-0.55037,0.43582,1.0908,-0.89192,0.22316,0.41323,1.4472,-0.34549,0.47268,0.63114,1.0184,-1.9294,-0.4181,0.30414,0.92442,-0.54203,0.14095,0.42953,0.49945,-1.263,-0.33253,0.36946,1.2444,-0.75825,0.019073,0.28397,0.45288,-0.98676,-0.079645,0.21945,0.50568,-0.69337,-0.029381,0.73883,2.042,-0.55037,0.18554
0,0,0,0,0,0,0,0,0,0,0,0,0,0,0,0,0,0,0,0,0,0,0,0,0,0,0,0,0,0,0,0,0,0,0,0,0,0,0,0,0,0,0,0,0,0,0,0,0,0,0,0,0,0,0,0,0,0,0,0,0,0,0,0,0,0,0,0,0,0,0,0,0,0,0
413.75,253.03,983.08,175.98,267.09,0.060327,0.21242,0.96654,7.1244,16.75,0.85,9.2286,0.66705,2.05,0.05,0.51875,15.566,0.93964,17.79,34.172,134.11,939.27,1554.1,1.7113,5.0144,-3.7276,1.4523,1.2428,2.9605,-3.0955,-0.24234,1.1111,3.2734,-1.5207,0.85262,0.6941,1.5083,-2.5334,-0.55113,0.41959,1.1584,-1.0648,0.27346,0.51423,1.8094,-0.81134,0.21447,0.49023,0.83145,-1.54,-0.36851,0.35685,1.1846,-0.80336,0.24632,0.42873,0.71031,-1.3113,-0.16263,0.28589,0.93647,-0.82243,-0.02431,0.26532,0.93872,-0.73278,-0.029474,0.28291,0.78396,-0.73446,0.058861,0.54779,1.4523,-0.55113,0.1433
234.47,128.17,585.62,126.31,186.23,0.097123,0.24971,0.6,10.536,29.25,14.35,21.8,0.37749,1.05,0.3,0.7,20.762,0.95405,31.143,29.192,70.995,688.52,871.07,1.7532,4.6563,-3.3005,1.9525,1.1107,3.2248,-2.3201,0.14995,1.0283,3.529,-1.0314,1.0978,0.57506,1.3254,-1.5852,-0.27968,0.44618,1.3552,-1.2454,0.19814,0.5128,1.5412,-1.0181,0.33131,0.56076,0.74066,-1.8523,-0.50378,0.33298,0.8377,-0.99072,0.061984,0.3856,0.76271,-1.1882,-0.17967,0.33199,0.90396,-1.0478,-0.14587,0.25723,0.48587,-0.78294,-0.10329,0.31804,0.69951,-0.81893,-0.051886,0.6782,1.9525,-0.50378,0.21063
362.8,220.67,847.25,166.31,236.27,0.052372,0.17855,0.81301,9.6509,23,3.75,13.783,0.36742,0.8,0.05,0.6,17.229,0.94514,22.972,44.213,153.23,428.28,822.44,1.8561,4.8726,-3.7879,1.3023,0.9158,2.1081,-2.4154,0.10227,1.2158,3.4685,-1.6906,1.2315,0.53698,1.1991,-1.2967,-0.21972,0.42703,1.0712,-1.2611,0.049738,0.4277,1.2258,-0.88577,0.30714,0.46026,0.75326,-1.3736,-0.30061,0.34403,0.85362,-0.61298,0.17298,0.41826,0.59315,-1.1289,-0.24273,0.29564,0.64305,-0.77688,-0.067909,0.27831,0.67129,-0.79674,0.0031515,0.32044,0.8721,-0.84694,-0.078257,0.53363,1.3023,-0.30061,0.18832
356.99,227.62,988.3,119.89,235.22,0.057054,0.2734,0.38961,21.991,41.15,10.05,25.6,0.99289,1.95,0.05,1.1667,14.629,0.93601,21.943,48.459,152.93,461.14,838.54,1.5499,5.0584,-3.7802,1.9139,1.264,3.5244,-3.2977,0.10496,1.1282,3.5706,-1.4941,0.58754,0.56049,0.92323,-2.1018,-0.48279,0.41528,1.6475,-0.60259,0.26967,0.47485,1.441,-0.8839,0.17954,0.48313,0.81045,-1.6201,-0.39199,0.34936,0.9405,-1.1848,0.024219,0.41422,0.92729,-1.1368,-0.13431,0.37414,1.0993,-0.86047,0.06672,0.27544,0.59389,-0.85613,-0.11277,0.29132,0.78317,-0.72961,0.083272,0.61669,1.9139,-0.48279,0.17566
373.96,147.18,938.7,129.45,315.23,0.057152,0.20238,0.73298,13.011,35.1,16.7,25.9,0.92601,1.8,0.05,1.1,15.697,0.94011,23.545,41.901,138.66,509.98,1006.6,1.6241,4.7869,-3.4842,1.5889,1.4014,3.242,-3.6646,-0.15712,1.0475,2.6177,-1.8752,0.40899,0.60878,1.1978,-2.5803,-0.45947,0.42226,1.3232,-1.2788,0.061304,0.48588,1.317,-1.0068,0.20336,0.54178,0.80147,-1.8922,-0.3623,0.34116,1.2344,-0.90502,0.050419,0.42057,1.1443,-1.3163,-0.098446,0.31262,0.84236,-0.82183,-0.013332,0.31356,0.77999,-0.71669,-0.026329,0.29925,0.97227,-0.95432,0.083662,0.52115,1.5889,-0.45947,0.10663
357.27,157.56,742.58,146.34,289.48,0.042976,0.22534,0.8,0,49.25,49.25,49.25,0.81317,1.95,0.8,1.375,17.909,0.94712,35.818,66.523,245.45,325.93,592.14,1.6969,5.0971,-3.3762,1.9056,1.1406,3.3021,-2.7265,0.2263,1.1535,3.1577,-2.17,0.50715,0.45167,1.0746,-1.8377,-0.30263,0.44539,1.2195,-0.98815,0.10896,0.426,1.5244,-0.69956,0.28966,0.48017,0.92761,-1.3708,-0.23668,0.31034,0.69263,-0.87315,0.062024,0.37883,0.86158,-0.90257,-0.067458,0.36626,1.145,-0.96178,0.035334,0.28487,0.86226,-0.69301,-0.013242,0.34458,0.83355,-0.72016,0.062508,0.5755,1.9056,-0.30263,0.21479
321.84,167.42,712.41,130.49,209.3,0.06717,0.21568,1.0448,7.679,23.1,7.85,14.95,0.3351,1,0.25,0.7375,15.203,0.93828,20.271,34.106,126.15,587.32,1050.8,1.3642,4.8089,-3.1908,1.9586,0.90027,2.2205,-2.6263,-0.24019,1.1187,3.621,-0.63467,1.4104,0.51238,0.933,-1.8212,-0.40169,0.40501,1.084,-0.98419,0.0056041,0.46957,1.4108,-0.99901,0.26615,0.4784,0.47309,-1.8848,-0.61951,0.3045,0.73542,-1.0725,-0.1031,0.38223,0.71927,-0.9985,-0.14383,0.31645,0.94056,-0.55212,0.050794,0.31301,0.7618,-0.9646,-0.17965,0.26875,0.5782,-0.8244,-0.013644,0.75289,1.9586,-0.61951,0.16582
387.15,180.35,842.3,194.6,290.52,0.047753,0.18743,0.58824,0,44.2,44.2,44.2,0.42426,3.2,2.6,2.9,7.6207,0.884,15.241,33.291,113.93,572.24,925.51,1.229,4.4296,-1.8974,1.3337,1.0225,2.1841,-3.2723,-0.36381,1.0447,3.3146,-1.1948,1.1089,0.63869,0.84449,-2.0831,-0.67694,0.39324,0.93897,-1.0305,-0.016599,0.57791,1.2521,-1.3542,0.048732,0.46576,0.8593,-1.4599,-0.21008,0.35224,0.97055,-0.95664,0.12726,0.38705,0.54701,-1.448,-0.26216,0.3012,0.9233,-0.80805,0.10696,0.32169,0.55584,-1.1103,-0.15817,0.22497,0.83087,-0.4584,0.21521,0.5786,1.3337,-0.67694,0.10441
358.78,93.454,770.98,225.15,356.45,0.046282,0.2246,0.49587,5.2367,17.4,4.65,8.31,0.24427,1,0.35,0.78333,8.8404,0.89838,10.609,40.173,201.8,304.25,850.71,1.6238,4.2103,-3.5591,1.1882,1.067,1.7122,-3.158,-0.11421,0.76681,1.8201,-1.5562,0.37416,0.45535,1.365,-1.5614,-0.0007745,0.54547,1.7144,-1.1643,0.18135,0.38164,1.0665,-0.64301,0.18262,0.36606,0.64191,-1.1416,-0.20952,0.34444,0.70838,-1.0988,-0.25348,0.45207,0.86152,-1.0826,0.038826,0.33382,0.59435,-1.5218,-0.08371,0.36583,0.57157,-1.6784,-0.091469,0.40754,0.92408,-1.4683,-0.0294,0.38618,1.1882,-0.25348,0.09855
356.67,137.63,822.81,192.02,320.91,0.052338,0.2105,0.85106,5.5665,16.4,6.45,9.9833,0.59214,1.15,0.1,0.6125,12.224,0.92438,16.299,42.5,170.32,258.46,482.87,1.1181,4.2186,-1.5101,1.7586,0.9832,1.638,-3.1198,-0.45588,1.1819,3.1505,-1.3857,0.77658,0.53514,1.4711,-0.92751,0.31852,0.50991,1.6075,-1.4185,0.15812,0.35801,0.63652,-1.0781,0.028562,0.28786,0.42464,-0.83901,-0.22383,0.35609,0.68321,-1.1892,-0.28204,0.41731,1.0453,-0.9555,0.18683,0.23052,0.72246,-0.50171,0.046293,0.34068,0.79575,-0.89703,-0.11107,0.22075,0.74342,-0.36757,0.28276,0.58589,1.7586,-0.45588,0.20695
602.93,358.79,1203.3,271.29,364.53,0.057157,0.2658,0.38217,0,36.9,36.9,36.9,0.17678,1.15,0.9,1.025,18,0.94737,36,37.547,187,385.49,700.23,1.0384,4.2262,-1.0297,1.984,1.1608,1.6754,-2.5041,-0.3983,1.1567,2.4876,-1.9803,0.37588,0.65062,1.555,-1.6063,-0.023558,0.50717,1.1915,-0.9369,0.18615,0.50575,0.91307,-1.1793,0.074882,0.35944,0.97985,-0.86252,-0.12533,0.28919,0.48304,-1.004,-0.22009,0.34728,0.96912,-0.81336,0.16217,0.23891,0.82679,-0.58592,-0.034137,0.27589,0.77948,-0.64053,-0.052232,0.21542,0.90067,-0.34929,0.17871,0.60551,1.984,-0.3983,0.17568
296.07,83.453,663.98,225.19,266.32,0.057821,0.21712,0.81967,6.8112,22.55,1.05,6.475,0.41491,1.25,0.15,0.54444,10.571,0.91358,11.893,49.7,189.05,316.91,813.08,1.8202,5.0145,-3.7488,1.8906,0.87967,2.1089,-2.447,0.1733,0.89887,2.5138,-1.3834,0.67046,0.68978,1.7655,-2.0673,0.12661,0.39333,1.384,-0.56637,0.28465,0.45722,0.99321,-1.5736,-0.042041,0.29596,0.57534,-1.1359,-0.076466,0.31628,0.68016,-0.9501,-0.24318,0.45447,1.145,-1.1069,0.068147,0.24018,0.73994,-0.5258,0.059458,0.26445,0.51542,-0.81882,-0.033945,0.27902,1.0367,-0.48302,0.2847,0.56203,1.8906,-0.24318,0.26352
551.01,238.7,1129.4,323.84,426.78,0.045516,0.29148,0.52632,8.7519,26.45,1.3,8.6357,0.56216,2.05,0.2,0.79375,9.5197,0.90494,10.88,49.934,207.79,365.55,1135.4,1.7314,5.6143,-3.8003,1.2974,1.0203,1.7888,-3.3272,-0.47579,1.0007,2.1554,-2.3529,0.23444,0.67684,1.1537,-2.5916,-0.29928,0.47645,1.3783,-1.2435,0.076756,0.45028,0.88082,-1.6171,0.0021961,0.33881,1.0435,-1.104,-0.10999,0.39415,1.0676,-1.2235,-0.2577,0.4379,0.82604,-1.3111,-0.15215,0.42313,0.69613,-1.495,-0.22966,0.4362,0.7599,-1.7052,-0.17384,0.46106,0.97849,-1.7208,-0.15648,0.45369,1.2974,-0.47579,-0.020343
314.68,59.157,548.41,244.67,296.88,0.050201,0.22253,0.52632,5.3441,15.7,4.35,10.213,0.35637,1.1,0.2,0.67,12.194,0.92421,15.243,46.83,209.12,292.9,740.85,1.8824,4.2737,-4.7384,1.3263,0.93675,1.994,-2.2731,0.28765,0.87932,2.7957,-1.5484,0.75077,0.63591,1.1552,-1.4032,0.06917,0.41091,1.132,-0.78523,0.24205,0.43739,1.3356,-0.99903,0.19827,0.36269,0.56057,-1.1521,-0.13106,0.36685,0.70909,-1.4822,-0.21159,0.32948,0.97607,-0.70364,0.083451,0.28553,0.83834,-0.78746,-0.021817,0.37313,0.60845,-1.113,-0.12949,0.35436,1.3882,-0.67389,0.33025,0.43201,1.3263,-0.21159,0.23283
303.75,52.895,409.56,179.14,288.67,0.1018,0.27416,0.89286,0,41.8,41.8,41.8,0.035355,1.15,1.1,1.125,18.578,0.94892,37.156,35.054,106.48,421.47,679.81,1.5337,4.4339,-3.5973,1.7038,0.77536,2.1354,-2.1289,0.01895,0.79052,2.822,-0.84404,0.86658,0.48659,1.5186,-0.98449,0.31315,0.29596,0.88717,-0.7372,0.014603,0.47056,1.1334,-1.2265,-0.041236,0.31429,0.78714,-1.0188,-0.073382,0.33192,0.30555,-1.2304,-0.36282,0.36395,1.1664,-1.5288,0.098684,0.39547,0.79208,-1.1884,4.0034e-005,0.35022,0.56312,-1.2621,-0.09249,0.40591,1.0353,-0.98004,0.25986,0.55324,1.7038,-0.36282,0.22547
337.91,96.598,652.41,155.81,307.04,0.098006,0.30133,0.90909,1.7926,17.05,13.85,14.983,0.6886,1.5,0.05,0.575,19.543,0.95132,26.058,35.663,105.96,533.06,678.65,1.0453,4.9619,-1.0317,2.0754,0.92777,1.7619,-2.4539,-0.51019,0.88333,2.5148,-1.7243,0.28397,0.78001,1.5118,-2.0984,-0.12392,0.45943,1.709,-1.2855,0.10404,0.44231,0.78147,-1.187,-0.066469,0.39103,0.85848,-1.3423,-0.14421,0.37047,0.75429,-1.312,-0.20333,0.42078,1.0963,-0.96677,0.11896,0.34912,0.96265,-0.91538,0.034494,0.32139,0.78733,-1.1462,-0.085744,0.41659,1.1462,-1.3047,0.26626,0.64522,2.0754,-0.51019,0.14577
357.71,83.081,732.65,239.15,324.74,0.055094,0.22965,0.66116,12.934,31.3,1,16.5,0.74666,2.1,0.1,1.05,12.571,0.92632,15.714,41.01,173.66,572.67,1183.3,1.0979,4.2645,-1.2362,1.9062,1.1268,2.144,-3.0781,-0.51569,0.94862,2.5508,-2.0467,0.18854,0.61307,1.6771,-1.807,0.12788,0.57274,1.1773,-1.5906,0.023687,0.38725,1.0618,-1.1873,-0.024895,0.41731,0.64517,-1.8462,-0.2718,0.34373,0.74284,-1.2346,-0.16041,0.34654,0.91076,-1.1207,0.021318,0.3933,0.77088,-1.6667,-0.14462,0.38269,1.5672,-1.3403,-0.029353,0.39855,1.4797,-1.2484,0.13837,0.60011,1.9062,-0.51569,0.10494
398.39,128.74,848.68,297.72,362.96,0.05669,0.27713,0.69444,11.773,30.7,14.05,22.375,0.47697,1.25,0.3,0.75,19.889,0.95213,29.833,51.874,196.94,250.87,686.99,1.0224,4.5029,-1.8065,1.8473,1.0311,1.5605,-2.9424,-0.54867,0.91992,2.5691,-1.3085,0.64946,0.4611,1.3964,-1.0237,0.025024,0.47909,1.8421,-1.5745,-0.099857,0.43061,0.93977,-1.1508,0.0053723,0.38031,1.0098,-1.2936,-0.08794,0.38955,0.561,-1.4018,-0.34154,0.33437,0.9457,-0.80821,0.054737,0.26265,0.57833,-0.83978,-0.050863,0.32703,0.46218,-1.1519,-0.18892,0.37602,0.9591,-1.1337,0.04794,0.61573,1.8473,-0.54867,0.10933
324.75,51.994,418.28,216.6,333.37,0.10161,0.2936,1.0084,0,40.4,40.4,40.4,0.17678,1.45,1.2,1.325,15.245,0.93844,30.491,37.82,97.417,419.65,512.16,0.93164,4.5211,-1.1249,2.116,1.0176,1.6593,-2.6296,-0.33263,0.97418,2.9398,-1.183,0.69988,0.53739,1.4317,-1.0258,0.050536,0.45543,1.1458,-1.1864,0.13551,0.54566,1.3445,-1.0771,0.19835,0.34443,0.56642,-0.93634,-0.1097,0.29127,0.51465,-0.9372,-0.26951,0.28729,0.81555,-0.77124,0.040028,0.3558,0.77437,-1.0504,-0.061892,0.29694,0.67765,-0.92574,-0.1472,0.3389,0.9259,-0.82866,0.19998,0.6579,2.116,-0.33263,0.20995
372.84,64.905,502.85,225.4,372.96,0.053749,0.20911,0.78431,16.706,33.45,0.05,16.5,0.60139,1.4,0.05,0.8,15.469,0.93928,20.625,41.896,126.88,448.79,661.49,0.92653,3.8771,-1.2487,1.7358,1.0848,1.297,-3.1233,-0.49287,0.82568,2.5553,-1.2095,0.67757,0.61235,1.0147,-1.9479,-0.2237,0.46555,1.2821,-1.3849,-0.078932,0.5513,1.2208,-1.5535,0.12037,0.36987,0.7898,-1.1056,-0.2209,0.38185,0.52476,-1.3636,-0.35259,0.39121,0.86164,-1.5554,-0.078103,0.47075,0.82754,-1.5407,-0.25364,0.45492,0.33984,-1.8107,-0.42711,0.39584,0.7381,-1.2718,-0.039841,0.61808,1.7358,-0.49287,0.030507
308.75,97.168,643.9,187.25,309.78,0.059114,0.22831,0.51724,6.8482,15.95,2.3,9.45,0.41105,1.3,0.4,0.8625,8.2174,0.89151,10.957,27.741,107.74,453.03,704.6,1.4797,3.9582,-3.5521,1.2896,0.97704,1.8846,-2.364,-0.18504,0.89827,2.3595,-1.2158,0.33353,0.50444,1.2468,-1.023,-0.0049899,0.4126,1.2259,-0.46722,0.3292,0.48196,0.66092,-1.5524,-0.30767,0.28995,0.8283,-0.50666,0.076161,0.33273,0.44308,-1.3224,-0.28019,0.39233,1.2037,-0.58819,0.30042,0.33723,0.67972,-1.2122,-0.22476,0.32588,0.79796,-0.76085,0.021231,0.20993,0.68577,-0.37384,0.20214,0.43463,1.2896,-0.30767,0.12914
359.26,200.53,959.41,142.76,287.77,0.049612,0.20888,0.57971,6.5197,17.1,0.4,6.75,0.40579,1.4,0.2,0.78333,7.1809,0.87776,8.617,35.512,157.17,452.32,667.77,1.3684,4.2669,-3.5693,1.2859,1.0258,2.049,-2.2221,-0.0083163,0.96379,2.5461,-1.5415,0.31208,0.46834,0.8119,-1.2145,-0.074975,0.46642,1.3584,-0.984,0.30863,0.39721,0.924,-1.2904,-0.098936,0.30115,0.8708,-0.64572,0.14635,0.34744,0.83198,-1.0408,-0.16388,0.4177,1.2019,-0.68471,0.13573,0.33201,0.70009,-1.4084,-0.22111,0.29122,0.90323,-0.8566,0.037756,0.29822,0.81996,-1.5062,0.083821,0.39687,1.2859,-0.22111,0.14526
323.55,79.324,716.28,201.1,312.68,0.042955,0.21699,0.62016,9.652,23.75,10.1,16.925,0.28431,2.05,1.5,1.8167,6.211,0.86132,9.3165,35.754,163.35,445.72,700.34,1.244,3.4006,-1.878,1.3421,0.83222,2.5717,-2.4817,-0.018719,1.1834,2.6896,-1.7276,0.73481,0.55184,1.0699,-1.7059,-0.12516,0.48425,1.481,-0.69346,0.49206,0.37683,0.58089,-1.1569,-0.05573,0.3211,1.032,-0.66709,0.22317,0.48638,0.59048,-1.5964,-0.39504,0.31166,1.0247,-0.51535,0.22858,0.30723,0.55699,-0.97843,-0.25803,0.34924,0.71864,-1.4181,-0.12269,0.24634,0.68213,-1.074,0.18545,0.48259,1.3421,-0.39504,0.1859
441.78,273.1,1090.2,216.98,299.18,0.055441,0.2315,0.68376,13.117,27.9,9.35,18.625,0.68069,1.75,0.45,1.2167,10.205,0.91076,15.308,35.527,153.87,482.54,778.45,1.2399,3.8724,-1.8148,0.97392,0.94602,1.9217,-3.4631,-0.050638,1.2641,2.5886,-1.9059,0.62807,0.59355,1.1089,-1.8235,-0.20063,0.53462,1.7276,-0.89976,0.39377,0.40543,0.83459,-1.1635,0.048895,0.3154,0.99866,-0.60593,0.23936,0.48784,0.61279,-1.4882,-0.27865,0.32291,1.0775,-0.62238,0.17407,0.42988,0.63114,-1.2773,-0.28629,0.33609,0.63584,-1.2332,-0.067434,0.41519,1.0419,-1.7932,0.019815,0.37943,0.97392,-0.28629,0.13286
354.83,143.47,952.18,210.62,321.88,0.066327,0.26888,0.65041,0,32.5,32.5,32.5,0.60104,1.05,0.2,0.625,26,0.96296,52,35.334,123.47,367.08,636.38,1.1802,3.983,-1.3998,1.3204,1.0379,2.3837,-2.4321,-0.026524,1.0204,2.4289,-1.5476,0.47364,0.59075,1.67,-1.6575,-0.095069,0.42555,1.3614,-0.76264,0.31381,0.45574,0.9202,-1.4309,-0.032961,0.29716,1.1601,-0.47395,0.23063,0.39311,0.50271,-1.1733,-0.29613,0.35159,1.1609,-0.33765,0.3154,0.3726,0.54342,-1.2882,-0.45386,0.31721,0.73241,-0.86645,-0.020295,0.21961,0.67285,-0.46366,0.093274,0.45284,1.3204,-0.45386,0.15186
531.82,281.08,1145.5,297.78,408.12,0.036247,0.26664,0.53333,11.672,26,3.8,12.817,3.0285,6.8,0.15,2.7,3.5602,0.78071,4.7469,40.914,200.36,438.37,761.17,1.2125,3.9088,-2.132,1.1717,0.95405,1.8229,-2.9063,-0.21287,0.90589,2.2466,-1.8862,0.33255,0.48596,1.0649,-1.3047,-0.28701,0.49856,1.347,-0.92737,0.20542,0.4461,1.0071,-1.271,-0.03991,0.30361,0.79413,-0.80492,0.064906,0.25011,0.58411,-0.84445,-0.14639,0.26685,0.79359,-0.81181,0.041278,0.36421,0.52812,-1.59,-0.32746,0.37728,0.72927,-1.1024,-0.15702,0.56545,0.83601,-1.9777,-0.26613,0.41265,1.1717,-0.32746,0.03159
358.08,121.31,853.7,182.02,340.38,0.060692,0.25129,0.63492,10.31,29.15,1.8,11.75,0.64337,2,0.35,1.2357,8.1503,0.89071,9.5087,33.968,169.09,873.84,1763.5,1.7028,5.4979,-4.3183,1.0257,0.83687,2.0778,-2.4856,0.1497,0.99715,2.417,-1.9602,0.39511,0.75483,1.1867,-2.9509,-0.21945,0.40826,1.4087,-1.09,0.43613,0.4966,1.063,-1.6727,-0.12625,0.29077,1.1354,-0.70309,0.098235,0.34865,0.81593,-1.2532,-0.20762,0.41426,1.3888,-0.79308,0.071472,0.35321,0.53485,-1.1824,-0.27247,0.29764,0.80858,-1.0712,0.026962,0.36988,0.82845,-1.3269,0.026699,0.36358,1.0257,-0.27247,0.11702
371.05,121,820.48,238.6,340.71,0.058188,0.27204,0.41667,14.816,37.3,1.7,11.2,0.44008,1.25,0.2,0.68333,13.659,0.93178,16.39,39.554,143.26,669.14,1102.9,1.669,5.3148,-4.4037,0.89047,0.76881,2.5166,-1.643,0.021025,0.95922,2.5631,-1.7035,0.41005,0.73007,1.3242,-2.7068,-0.19752,0.49358,1.5557,-0.73588,0.37195,0.43557,0.78611,-1.3115,-0.25551,0.30147,1.0599,-0.78083,0.048449,0.41325,0.83522,-1.2394,-0.28417,0.37966,1.4596,-0.77704,0.11114,0.34538,0.56415,-1.705,-0.25405,0.30441,0.69293,-0.88975,0.057872,0.31992,0.91326,-1.3316,0.072307,0.34255,0.89047,-0.28417,0.082667
351.82,99.092,722.62,245.57,320.62,0.052943,0.20093,0.77519,0,36.4,36.4,36.4,2.1213,3.45,0.45,1.95,9.3333,0.90323,18.667,32.103,161.48,518.95,868.89,1.4789,3.408,-4.029,0.98902,0.8409,2.6419,-1.9395,0.21498,0.93817,2.7156,-0.87626,0.6971,0.61855,1.3604,-1.4309,-0.069281,0.43838,1.396,-0.82103,0.32617,0.49972,0.70604,-1.3229,-0.19333,0.42238,1.1115,-1.1609,0.048974,0.41333,0.66323,-1.3907,-0.14657,0.32821,1.1709,-0.71338,0.17593,0.3487,0.60118,-1.1306,-0.28805,0.3021,0.89317,-0.59873,0.056564,0.27297,0.96173,-0.59715,0.088877,0.37012,0.98902,-0.28805,0.15837
320.41,78.28,652.75,151.49,310.31,0.073254,0.21082,1.0471,19.339,41.05,13.7,27.375,0.86603,1.65,0.15,1.15,15.87,0.94072,23.804,29.388,101.19,811.43,1253.6,1.8218,4.2845,-4.2995,1.1926,0.74703,2.3519,-2.202,0.25769,0.9728,2.9788,-1.7493,0.82578,0.53933,1.4805,-1.7365,-0.040348,0.41102,1.7551,-1.09,0.19533,0.41578,0.96779,-1.1857,0.027274,0.28923,1.165,-0.57614,0.2047,0.40447,0.49789,-1.297,-0.25125,0.36696,1.1288,-1.119,0.093403,0.38694,0.64506,-1.4185,-0.20719,0.4007,1.2942,-1.5663,-0.12584,0.34105,0.76367,-1.4373,0.097918,0.42253,1.1926,-0.25125,0.18917
320.05,97.235,637.21,180.07,312.81,0.052876,0.17982,1.1111,0,51.1,51.1,51.1,0.56569,1.85,1.05,1.45,17.621,0.9463,35.241,55.92,176.22,306.4,664.66,1.4033,4.159,-1.8476,1.5486,1.0124,2.711,-1.9082,0.12062,0.89043,2.426,-1.5037,0.16259,0.60823,1.1106,-2.2821,-0.079809,0.45339,1.4664,-0.99526,0.24182,0.37819,1.0454,-1.4388,0.058621,0.29254,1.0178,-0.76411,0.10572,0.39578,0.82264,-1.2414,-0.12118,0.35238,1.2797,-0.87694,0.048661,0.31261,0.70807,-1.0236,-0.15945,0.29976,0.92707,-0.77292,-0.025445,0.30834,0.90775,-1.0587,0.099538,0.45109,1.5486,-0.15945,0.16669
243.87,66.708,500.12,170.27,228.66,0.064933,0.24371,0.50847,8.6267,26.95,14.75,20.85,0.87892,1.7,0.05,1.05,13.238,0.92977,19.857,45.637,148.28,477.86,660.98,1.1298,4.1675,-1.157,1.6422,0.88088,2.3135,-1.661,0.31791,0.92325,2.43,-1.7757,0.27529,0.67989,1.5183,-2.1667,0.10452,0.46562,1.5748,-0.81194,0.31063,0.4806,0.91368,-1.3792,-0.19801,0.29721,0.97632,-0.86581,0.17437,0.41439,0.33866,-1.5855,-0.36402,0.45092,1.2343,-0.76868,0.26676,0.33246,0.43924,-1.0851,-0.29458,0.26736,0.56838,-0.70898,-0.006753,0.24105,0.84599,-0.54446,0.18681,0.51257,1.6422,-0.36402,0.20126
326.72,57.589,771.47,215.76,319.88,0.045687,0.2206,0.8,14.676,33.75,1.2,13.87,0.71531,2.1,0.4,1.2333,9.3716,0.90358,11.246,58.164,289.88,519.4,1034.6,1.2492,3.9648,-2.3827,1.3695,1.0114,3.1347,-3.0765,0.12974,1.0436,2.4175,-2.1665,0.29499,0.6138,1.4849,-2.0283,-0.14221,0.51158,2.0624,-0.97213,0.46061,0.5077,1.1279,-1.3187,-0.086195,0.31554,1.0917,-0.72115,0.083603,0.31892,0.55728,-1.0255,-0.14216,0.32077,1.053,-0.65991,0.06778,0.34402,0.75851,-1.3645,-0.26835,0.32352,0.91359,-1.1811,0.01982,0.29296,0.77689,-1.1753,0.035146,0.43147,1.3695,-0.26835,0.15185
299.32,75.572,621.31,176.12,283.86,0.04931,0.19291,0.91837,6.6937,23.25,7.4,13.05,0.64704,1.6,0.05,0.78333,13.883,0.93281,16.66,41.723,186.11,713.39,1348.2,1.2268,4.47,-1.7126,1.2215,0.74448,1.6333,-2.0083,-0.0067849,1.0469,3.1512,-1.4374,0.96922,0.53387,1.0167,-1.6002,-0.17844,0.45368,1.522,-0.64143,0.32862,0.47546,0.99335,-1.5309,-0.11861,0.37142,1.0473,-0.91094,0.17392,0.48697,0.66485,-1.7604,-0.40852,0.3729,1.3206,-0.65974,0.22354,0.34908,0.46404,-1.4418,-0.29407,0.34594,0.90449,-0.9718,-0.041442,0.26429,0.78832,-0.8017,0.14127,0.48654,1.2215,-0.40852,0.16752
353.66,46.499,503.95,225.1,355.55,0.063116,0.21791,0.6383,11.455,33.7,17.5,25.6,0.61712,1.6,0.4,1.0833,15.754,0.94031,23.631,28.096,116.68,787.9,1392.4,1.3038,4.6687,-2.2584,1.0439,0.68051,1.8156,-1.8616,-0.10795,0.94665,2.787,-1.1926,0.88247,0.59926,1.0332,-1.9284,-0.24037,0.39367,1.2945,-0.74873,0.32087,0.54019,0.89602,-1.6278,-0.27069,0.35676,1.2572,-0.57686,0.202,0.51521,0.54148,-1.7845,-0.45833,0.29987,0.93012,-0.92615,0.14893,0.40083,0.43563,-1.9839,-0.36533,0.43716,0.96653,-1.6622,-0.16474,0.3518,0.91043,-1.511,0.054997,0.47288,1.0439,-0.45833,0.087148
284.84,49.68,451.31,167.37,292.33,0.046266,0.16309,0.64865,0,48.85,48.85,48.85,0.56569,2.05,1.25,1.65,14.803,0.93672,29.606,42.967,141.29,509.33,733.8,1.1651,4.641,-1.098,1.5101,0.73092,2.272,-1.6183,0.27791,0.99092,3.0585,-0.93522,1.0861,0.50954,1.2574,-1.5701,-0.072868,0.38613,1.5105,-0.82275,0.30968,0.46598,1.0774,-1.1691,-0.041078,0.35842,1.3216,-0.70444,0.14427,0.43323,0.60593,-1.3373,-0.35987,0.24894,0.92885,-0.59324,0.11534,0.31375,0.48279,-1.2676,-0.23086,0.34035,0.74562,-1.1183,-0.13828,0.2422,0.8465,-0.66615,0.20703,0.54457,1.5101,-0.35987,0.23395
419.49,235.74,923.17,184.81,279.58,0.043597,0.24418,0.5,6.1425,15.65,3.45,9.9667,1.908,4.25,0.25,1.4375,5.2,0.83871,6.9333,27.687,111.88,551.52,767.77,1.4398,4.8613,-3.7685,0.82226,0.99034,2.1959,-2.7925,-0.36441,0.95397,2.2931,-1.5469,0.33702,0.56853,1.3801,-1.12,0.076794,0.52143,1.2055,-1.2721,0.06459,0.51778,1.1935,-1.2083,-0.15372,0.38018,1.0249,-0.75132,0.16099,0.30248,0.44406,-1.1006,-0.24286,0.35799,1.1214,-0.78396,0.043973,0.33885,1.0275,-0.56976,0.11933,0.27729,0.58153,-0.94641,-0.24377,0.27177,0.67427,-0.6703,0.1097,0.31397,0.82226,-0.36441,0.060825
414.05,192.97,1001.5,209.57,326.79,0.042589,0.19415,0.68376,2.8284,18.15,14.15,16.15,0.82614,1.8,0.15,0.95,11.333,0.91892,17,32.568,152.97,415.45,696.2,1.2551,5.0363,-1.6475,1.2014,1.0076,2.0538,-3.3089,-0.36461,0.94872,2.562,-1.8014,0.62453,0.76517,1.6419,-1.8388,0.12059,0.70193,1.4985,-1.2663,0.21321,0.42387,0.86709,-1.5102,-0.07224,0.31453,0.85581,-0.72009,0.10441,0.3448,0.39066,-1.1952,-0.39697,0.36672,1.077,-1.1314,0.036142,0.32662,0.91414,-0.83438,0.078245,0.24162,0.76714,-0.69728,-0.097932,0.30235,0.90071,-0.69806,0.092196,0.4294,1.2014,-0.39697,0.12825
300.9,169.32,784.37,165.54,231.31,0.037384,0.18496,0.52632,8.7681,22.4,10,16.2,0.79739,1.55,0.1,1.0167,10.623,0.91396,15.934,39.644,174.24,363.86,591.76,1.3375,3.9199,-2.2026,1.1241,0.68578,1.3869,-1.9548,-0.014111,1.1421,2.7109,-1.7439,0.85898,0.76032,1.3703,-2.4081,0.27343,0.57068,1.6086,-1.4754,0.27827,0.44167,0.85604,-1.343,0.045303,0.27855,0.93462,-0.66615,-0.0048233,0.28607,0.47671,-0.82805,-0.19479,0.40044,1.0282,-0.84957,0.030104,0.38835,1.1983,-0.67909,0.12095,0.2431,0.78091,-0.66461,-0.099127,0.27527,0.93258,-0.59084,0.038552,0.39516,1.1241,-0.19479,0.20473
590.95,388.05,1173.9,212.49,293.84,0.043711,0.26522,0.41958,8.4146,23.05,11.15,17.1,1.0037,1.95,0.1,1.25,9.12,0.90119,13.68,24.514,141.02,796.52,1002.3,1.4795,4.0815,-3.6096,1.1173,1.0824,2.2026,-2.1747,-0.21352,1.0365,2.5896,-1.7897,0.5628,0.6908,1.6111,-1.3731,0.082601,0.53712,1.6735,-0.87441,0.30754,0.56232,1.3207,-1.4609,-0.021327,0.38437,1.16,-0.75172,0.1263,0.32865,0.641,-1.1417,-0.1904,0.33771,1.115,-0.84721,0.18261,0.28937,0.95809,-0.46195,0.085883,0.25941,0.46058,-0.85472,-0.16588,0.23405,1.1131,-0.31312,0.17042,0.37096,1.1173,-0.21352,0.17036
470.54,317.68,1159.1,182.49,290.01,0.043867,0.26362,0.41958,0,31.2,31.2,31.2,0.3182,2.25,1.8,2.025,7.7037,0.88511,15.407,29.22,129.9,459.27,726.91,1.3243,4.1439,-2.2406,1.2645,1.0814,2.1693,-3.0208,-0.38437,0.94783,2.1138,-1.3071,0.49612,0.7055,1.4934,-1.2667,0.16038,0.43094,1.299,-0.71072,0.33581,0.44825,0.74785,-1.3408,-0.097912,0.40608,0.75077,-1.1462,0.083241,0.29819,0.70184,-0.96958,-0.16768,0.29662,0.93822,-0.6602,0.18383,0.32112,0.99278,-0.58626,0.11958,0.24573,0.35455,-0.88275,-0.23958,0.26161,0.69688,-0.42605,0.15019,0.4266,1.2645,-0.38437,0.15867
334.97,161.23,840.68,155.14,258.01,0.053901,0.18317,0.72917,20.802,41.4,0.5,18.75,0.70519,1.9,0.25,1.1875,11.842,0.92213,15.789,42.409,158.79,634.55,1111.2,1.6608,4.4705,-4.0098,0.95,0.88366,2.09,-2.3597,-0.033124,0.96006,2.394,-2.0713,0.5514,0.6823,1.8397,-1.7701,0.13986,0.49174,1.2973,-1.4137,0.14628,0.47266,1.2452,-1.701,-0.076353,0.3849,0.78879,-1.2005,-0.05548,0.33984,0.70959,-1.0686,-0.15745,0.38983,1.131,-0.94808,0.089983,0.28919,0.88224,-0.80756,0.051804,0.27085,0.51878,-0.87545,-0.16952,0.29036,1.2848,-0.52721,0.15234,0.32114,0.95,-0.16952,0.13248
219.97,82.844,504.81,148.23,188.8,0.087498,0.29587,0.68571,0,48.75,48.75,48.75,0.21213,1.6,1.3,1.45,16.81,0.94385,33.621,28.979,75.181,985.57,1056.8,1.7444,4.0103,-4.1686,0.91296,0.65604,1.969,-1.305,0.24328,1.0625,3.3954,-1.0923,1.1964,0.5416,1.7993,-1.2517,0.44422,0.32254,1.2341,-0.71091,0.13555,0.42277,1.2744,-1.4366,0.1423,0.33764,0.82692,-1.207,0.14302,0.35091,0.85376,-1.2152,-0.13671,0.40464,1.0369,-1.1437,-0.10556,0.25147,0.88961,-0.68623,-0.042258,0.23596,0.41744,-0.8128,-0.16105,0.24414,0.9398,-0.46767,0.11621,0.42173,1.1964,-0.16105,0.2407
325.32,201.6,952.21,138.17,217.89,0.066385,0.28103,0.70175,0,50.75,50.75,50.75,1.6263,2.95,0.65,1.8,14.097,0.93376,28.194,40.316,156.87,585.88,910.48,1.3812,4.1071,-2.3501,1.4527,1.1139,2.9914,-2.3771,0.12083,1.0233,2.9146,-1.3723,0.31617,0.70203,1.4974,-1.424,0.033605,0.47414,1.3422,-1.0575,0.2028,0.42817,1.4187,-0.89329,0.1334,0.43781,1.3034,-1.5982,-0.051002,0.33941,0.81738,-1.1652,-0.096382,0.41459,1.0124,-0.85502,0.10736,0.28366,0.78241,-0.67003,0.078177,0.28721,0.57608,-1.0189,-0.16455,0.29377,0.79314,-0.76505,0.0069476,0.42211,1.4527,-0.16455,0.17834
365.37,197.93,877.22,159.11,276.49,0.051317,0.27017,0.49689,8.9247,25.3,7.5,16.017,0.99363,2.25,0.05,0.8625,13.928,0.93301,18.57,41.497,205.42,578.58,1029.4,1.459,4.298,-1.9313,1.4176,1.0363,2.4689,-2.1984,0.041895,1.0076,2.5634,-1.369,0.20619,0.73791,1.7149,-1.6247,0.042913,0.55691,1.2901,-1.4058,0.077651,0.45416,1.3584,-1.033,0.079093,0.45562,0.8928,-1.474,-0.051258,0.33892,0.72582,-1.245,-0.15588,0.41756,0.87869,-1.177,0.073272,0.34679,1.1056,-0.7262,0.084109,0.31769,0.80379,-0.97395,-0.17674,0.264,0.84175,-0.57341,0.055922,0.41586,1.4176,-0.17674,0.14123
0,0,0,0,0,0,0,0,0,0,0,0,0,0,0,0,0,0,0,0,0,0,0,0,0,0,0,0,0,0,0,0,0,0,0,0,0,0,0,0,0,0,0,0,0,0,0,0,0,0,0,0,0,0,0,0,0,0,0,0,0,0,0,0,0,0,0,0,0,0,0,0,0,0,0
424.35,312.7,1081.9,156.69,241.59,0.065113,0.24641,0.73733,28.815,48.1,7.35,27.725,1.3841,2.8,0.05,1.3333,13.862,0.93272,20.794,33.144,149.65,804.88,1155.2,1.1698,3.9407,-1.5807,1.5546,1.028,2.9153,-2.0247,0.14147,0.91801,2.3562,-1.7196,0.11569,0.77265,1.6123,-1.9424,-0.078502,0.55732,1.6111,-1.2698,0.399,0.48815,1.1098,-1.3042,-0.013915,0.3224,0.74669,-1.0861,0.13438,0.38486,0.85776,-1.6032,-0.21737,0.34548,0.99821,-1.055,0.047139,0.32803,0.92473,-0.72963,0.19295,0.28036,0.56606,-1.207,-0.20263,0.3481,1.2693,-0.86902,0.021667,0.46677,1.5546,-0.21737,0.17454
272.57,161.59,841.96,122.86,223.79,0.039416,0.16589,0.80537,13.683,33.9,14.55,24.225,0.45369,1.65,0.75,1.2333,13.095,0.92905,19.642,44.672,204.57,491.14,899.22,1.3837,3.8334,-3.443,1.0454,0.83633,1.8215,-2.2937,0.028123,1.0037,3.1384,-1.3341,0.98639,0.57472,1.5273,-1.2856,0.29921,0.49395,1.2853,-1.0728,0.13432,0.50625,1.6577,-1.1022,0.11204,0.31905,0.92403,-0.49309,0.20452,0.34579,0.51996,-1.2678,-0.23392,0.34872,0.78514,-0.74974,0.080336,0.31112,0.83365,-0.72459,-0.027447,0.29358,0.80718,-0.81326,-0.17914,0.2579,0.91579,-0.42387,0.13089,0.4028,1.0454,-0.23392,0.21506
273.72,99.154,703.95,152.78,242.31,0.064261,0.1904,1.4865,15.556,35.75,13.75,24.75,0.5058,1.05,0.15,0.73333,22.5,0.95745,33.75,28.659,111.03,783.52,1165.6,1.2507,3.7871,-2.4059,1.0113,0.82207,1.8534,-2.1931,0.067928,0.90731,2.8672,-1.4873,0.94883,0.5139,1.6554,-0.98742,0.29659,0.45055,1.0216,-1.2965,-0.030182,0.52077,1.1182,-1.4546,0.17981,0.4677,1.0374,-1.426,0.098978,0.32778,0.43772,-1.1361,-0.26345,0.32856,1.0774,-0.84281,0.11267,0.33319,0.87176,-0.81739,0.0098812,0.2814,0.51067,-0.86234,-0.16874,0.31921,0.88914,-0.98925,0.097647,0.39476,1.0113,-0.26345,0.19677
528.22,296.17,1269.2,200.05,396.75,0.049073,0.22966,0.44118,6.6399,18.5,0.1,6.3333,0.4828,1.45,0.05,0.71429,7.6,0.88372,8.8667,21.735,128.26,772.37,1336.8,1.5438,3.3688,-4.7763,0.21789,1.4235,2.8894,-3.5065,-0.56731,0.78992,2.7042,-0.97876,0.49112,0.68592,0.72801,-2.2887,-0.56794,0.61805,2.3796,-1.0265,0.39662,0.53104,0.97984,-1.2935,-0.24326,0.45216,1.5323,-1.0429,0.14624,0.43931,0.56099,-1.9986,-0.24471,0.42202,0.85531,-1.4552,0.045365,0.3907,0.56456,-1.906,-0.23521,0.3906,1.1391,-0.94373,-0.026817,0.50726,1.5183,-1.3135,0.024841,0.33886,0.49112,-0.56794,-0.046932
406.58,122.24,950.39,266.32,404.74,0.026299,0.14299,0.61538,3.0035,13,7,9.9167,0.56789,1.55,0.35,1.175,6.3298,0.86357,8.4397,27.758,161.87,498.95,878.36,1.2043,3.2347,-2.8935,0.23836,0.97847,1.7904,-2.3805,-0.24189,0.94566,2.7244,-1.3345,0.83228,0.86105,1.1871,-2.1447,-0.52983,0.57123,1.5601,-1.2374,0.39823,0.46061,0.56441,-1.3832,-0.45332,0.51411,1.7246,-0.74065,0.23709,0.59963,0.47083,-2.0222,-0.47442,0.49024,1.3551,-1.3048,0.17092,0.38665,0.36971,-1.6293,-0.38881,0.45334,0.50542,-1.4712,-0.29416,0.65548,1.0075,-1.8735,-0.086472,0.42419,0.83228,-0.52983,-0.049336
421.56,107.37,943.18,237.91,417.96,0.024947,0.20012,0.21978,11.122,28.45,1.8,8.97,0.71554,1.95,0.15,0.9,8.3056,0.89254,9.9667,49.551,365.47,488.64,947.21,1.411,3.5138,-2.8868,0.17287,1.2952,1.9425,-3.3442,-0.41391,0.79743,2.545,-1.0351,0.50586,0.67755,1.4783,-2.9266,-0.31122,0.54085,1.6751,-1.0288,0.21067,0.45735,0.86688,-1.3539,-0.097981,0.4205,1.1762,-0.99026,0.16065,0.49169,0.60135,-1.3443,-0.3565,0.40779,1.0342,-0.99509,0.12058,0.52299,0.95752,-1.8423,-0.31526,0.46362,0.95283,-1.5648,-0.14268,0.66786,1.3852,-1.7773,-0.026728,0.28212,0.50586,-0.41391,-0.041137
610,409.22,1451,233.15,396.81,0.039234,0.19304,0.65574,0,34.85,34.85,34.85,0.45962,1.85,1.2,1.525,11.426,0.91953,22.852,28.365,150.05,649.41,957.69,1.3305,3.5781,-2.1524,0.62582,1.5198,2.0255,-4.1882,-0.60591,0.75478,2.6846,-0.73247,0.59627,0.55695,1.0658,-1.699,-0.35027,0.49574,1.444,-0.57953,0.38318,0.56095,1.1293,-1.6273,-0.23249,0.59476,1.829,-1.0878,0.37023,0.56505,0.76526,-1.7724,-0.3343,0.51987,1.3289,-0.92362,0.23058,0.40069,0.34713,-2.0783,-0.30408,0.41491,0.69742,-1.5644,-0.12762,0.41414,1.3668,-1.2685,0.21922,0.41322,0.62582,-0.60591,0.039219
347.48,89.162,799.75,196.53,335,0.062277,0.22149,0.75117,16,41.85,1.7,13.93,0.44944,1.35,0.25,0.7,16.583,0.94313,19.9,27.186,120.86,1098.8,1982.7,1.6253,3.8995,-4.4654,0.5776,1.2523,3.098,-3.158,-0.086465,0.83373,2.9094,-1.178,0.8112,0.63987,0.98007,-2.3798,-0.29207,0.39564,1.3921,-0.71054,0.24518,0.47019,1.1043,-1.6797,-0.2829,0.41702,1.4091,-1.0873,-0.0029612,0.43584,0.85847,-1.6914,-0.21379,0.40144,1.0214,-1.6645,0.094769,0.4344,0.64307,-2.1244,-0.34667,0.40558,1.0363,-1.5853,-0.067863,0.47084,1.3042,-1.5119,0.020186,0.35511,0.8112,-0.34667,0.038019
552.53,255.38,1082.9,263.81,412.68,0.040647,0.194,0.68571,13.399,38.3,3.2,11.3,1.3813,4.1,0.2,1.0357,9.3517,0.9034,10.91,35.176,189.3,815.04,1749.6,1.5,4.1092,-4.6851,0.16462,1.0323,2.2369,-3.4514,-0.17008,0.86872,2.2007,-1.9656,0.49324,0.6747,0.92115,-2.5604,-0.53983,0.39374,1.1396,-1.0937,0.15041,0.45756,1.0692,-1.6506,-0.19613,0.33382,1.1924,-0.86502,0.11312,0.44024,1.0402,-1.2393,-0.17255,0.31324,0.72948,-0.98882,-0.030327,0.35986,0.45651,-1.594,-0.21058,0.40176,1.0915,-1.3901,-0.040311,0.58887,1.1969,-2.3569,-0.13027,0.25784,0.49324,-0.53983,-0.047391
403.63,66.223,606.71,275.41,401.71,0.024601,0.22022,0.35714,1.4175,11.7,9.1,10.425,0.6239,2,0.45,0.99,8.4242,0.89389,10.53,41.932,306.73,660.92,1113.2,1.4751,3.0307,-4.5833,0.24475,1.0557,2.1762,-2.9126,-0.012786,0.68559,2.6482,-1.0915,0.66688,0.68102,0.74148,-2.0227,-0.36513,0.48543,1.425,-1.1625,0.23079,0.58562,1.0597,-1.7233,-0.21319,0.55771,2.0105,-0.8173,0.34643,0.38003,0.65189,-1.1054,-0.18853,0.30761,0.69326,-0.94601,0.027541,0.49114,0.72658,-1.7364,-0.35328,0.47538,1.1623,-1.571,-0.13086,0.50392,0.81736,-1.8267,-0.16284,0.31056,0.66688,-0.36513,0.0074813
244.24,45.665,372.54,172.21,241.45,0.061046,0.18439,0.73298,8.2013,24.45,8.05,16.167,0.52994,1.25,0.2,0.675,17.963,0.94727,23.951,23.444,91.623,993.5,1510.8,1.4077,3.6772,-4.5276,0.53448,0.71286,2.2592,-1.3309,0.31885,0.95621,3.2323,-0.87159,1.2575,0.46578,1.1567,-1.7125,-0.058609,0.37829,1.4657,-0.51041,0.30006,0.38796,0.61444,-1.2787,-0.254,0.49543,1.6178,-0.95676,0.35958,0.44187,0.7256,-1.3172,-0.39332,0.37942,1.2765,-0.82879,0.10085,0.2805,0.57037,-1.0159,-0.10842,0.31846,0.77723,-0.82245,-0.016542,0.2376,0.69612,-0.4811,0.2415,0.43246,1.2575,-0.39332,0.19016
332.49,73.051,549.74,216.81,311.7,0.048055,0.16423,0.74074,5.869,29,20.7,24.85,0.56347,1.2,0.2,0.85,19.49,0.9512,29.235,21.409,117.1,1025.3,1985.8,1.4591,3.3599,-5.2283,-0.018889,0.88476,2.1085,-2.2746,0.072408,0.87883,3.0332,-1.0562,1.225,0.54555,0.99128,-1.4782,-0.35616,0.29871,1.2737,-0.77666,0.17564,0.4725,0.82011,-1.3236,-0.30006,0.49747,1.9695,-0.94353,0.31825,0.51596,0.6154,-1.6641,-0.37881,0.37426,0.83966,-1.3783,0.013592,0.37486,0.93997,-1.4114,-0.12885,0.4048,0.75805,-1.7512,-0.09348,0.29773,1.0571,-0.99828,0.21494,0.42899,1.225,-0.37881,0.061964
516.04,258.86,1157.9,238.36,409.24,0.038573,0.17229,0.45113,8.7039,26,9.65,19.55,1.1542,2.5,0.05,1.0125,14.481,0.93541,19.309,31.622,157.32,897.06,1575.8,1.0718,2.8952,-2.1164,0.35664,1.1775,2.6241,-3.3049,-0.45089,1.0414,3.0038,-2.0692,0.34115,0.73223,1.1233,-2.5048,-0.5295,0.50118,1.5542,-1.1536,0.25557,0.47513,1.0758,-1.4686,-0.15814,0.3521,1.3633,-1.1225,0.067555,0.45675,0.84618,-1.6007,-0.23129,0.44585,0.92154,-1.5674,0.043112,0.40474,0.69081,-1.7278,-0.29988,0.54578,0.93778,-1.845,-0.2007,0.52042,1.2117,-1.5033,-0.067548,0.29366,0.35664,-0.5295,-0.072828
436.42,202.44,1122,242.25,375.46,0.031798,0.17365,0.58824,31.872,59.1,0.65,22.533,1.9624,4.7,0.8,2.475,6.8283,0.87226,9.1044,28.676,139.61,1024.1,1709.2,1.1375,4.2286,-2.2609,0.40707,1.1855,2.7792,-3.5657,-0.50258,0.80296,2.993,-1.5125,0.32992,0.6891,1.0892,-1.961,-0.44643,0.48863,1.7377,-1.0918,0.52972,0.45816,0.76246,-1.3812,-0.33411,0.38856,1.0944,-0.91901,-0.010261,0.38367,0.62612,-1.6094,-0.17998,0.32106,0.92389,-0.89223,0.12194,0.38098,0.868,-1.7055,-0.17876,0.43188,0.95801,-1.9944,-0.14562,0.45731,1.0478,-1.3583,-0.0057329,0.33096,0.52972,-0.50258,-0.034569
416.79,98.887,917.07,245.12,393.45,0.032654,0.16421,0.59113,4.0545,17.7,9.05,13.25,0.90554,2.3,0.05,1.1,10.038,0.9094,12.045,34.569,262.18,877.17,2073.4,1.2111,2.9557,-2.8652,0.080767,1.0468,2.1898,-3.0422,-0.16707,0.88857,2.571,-1.7101,0.80266,0.75872,0.90382,-2.6522,-0.77008,0.43847,1.5976,-0.74842,0.2477,0.49285,1.0593,-1.6483,-0.24215,0.50026,1.921,-1.1472,0.19762,0.48421,0.90139,-1.5417,-0.29569,0.39107,0.95847,-1.5554,-0.025676,0.47124,0.81643,-2.0185,-0.30875,0.4071,0.82646,-1.6565,-0.13838,0.50812,1.4102,-1.5888,-0.021085,0.38134,0.80266,-0.77008,-0.053345
340.68,80.253,636.41,201.52,343.12,0.023813,0.13955,0.5,12.362,28.9,7.1,14.633,0.72687,1.7,0.15,0.85,12.912,0.92812,17.216,45.097,210.96,468.92,825.36,1.1925,3.1432,-2.0736,0.46382,1.135,2.2103,-3.3071,0.061668,0.93576,3.0487,-0.91071,0.97077,0.56602,1.0222,-1.7704,-0.35615,0.4199,1.3053,-0.82363,0.30715,0.46295,0.84496,-1.3525,-0.074281,0.48374,1.8298,-1.1034,0.19404,0.47633,0.78391,-1.5439,-0.3794,0.31234,1.1344,-0.65507,0.15238,0.32856,0.4854,-1.2799,-0.26156,0.42349,0.54473,-2.2956,-0.12496,0.42695,1.1445,-1.2972,0.14447,0.38106,0.97077,-0.3794,0.091495
376.23,100.71,626.21,228.5,365.06,0.053947,0.17137,0.76923,11.7,29.2,7.45,15.833,0.50166,1.25,0.2,0.5,23.75,0.9596,31.667,22.953,108.52,994.09,1429.4,1.1142,2.9314,-2.3817,0.36563,1.1378,1.9628,-2.8117,-0.091141,0.8598,2.988,-0.74002,0.87661,0.70881,0.95891,-2.4914,-0.52249,0.45517,1.4447,-1.0882,0.28551,0.50303,0.97589,-1.3614,-0.090435,0.45906,1.3959,-0.80863,0.18182,0.49773,0.9593,-1.5623,-0.36264,0.31386,1.0027,-0.69512,0.017152,0.41602,0.68397,-1.5811,-0.24722,0.4103,1.13,-1.3297,-0.052082,0.49825,0.84048,-1.604,-0.012802,0.36828,0.87661,-0.52249,0.028993
