315.65,252.41,691.04,92.436,178.92,0.061432,0.26273,0.58824,4.2073,20.35,14.4,17.375,0.23629,1.15,0.7,0.96667,11.983,0.92297,17.974,94.206,226.52,162.89,259.29,1.7729,5.7183,-2.0494,2.9544,0.90284,2.7242,-1.279,0.35011,0.82365,2.7162,-0.83478,0.80986,0.56607,1.0864,-1.2835,0.023107,0.41136,1.5249,-0.59422,0.41255,0.48295,0.57766,-1.5895,-0.29473,0.44516,0.73431,-1.3453,-0.19169,0.33505,1.0886,-0.60012,0.031076,0.33532,1.0052,-0.80914,0.0086743,0.35632,0.93101,-0.72602,0.049902,0.28364,0.60675,-0.97413,-0.029464,0.16186,0.49187,-0.4168,-0.019923,0.87399,2.9544,-0.29473,0.34199
0,0,0,0,0,0,0,0,0,0,0,0,0,0,0,0,0,0,0,0,0,0,0,0,0,0,0,0,0,0,0,0,0,0,0,0,0,0,0,0,0,0,0,0,0,0,0,0,0,0,0,0,0,0,0,0,0,0,0,0,0,0,0,0,0,0,0,0,0,0,0,0,0,0,0
131.22,47.074,384.77,76.536,129.06,0.066692,0.22821,1.1236,7.3292,20.95,6.75,14.9,0.39306,1.05,0,0.57,15.684,0.94965,26.14,81.187,173.97,315.22,426.35,1.8992,5.4043,-2.8193,2.1019,0.54071,1.8135,-1.4397,0.42855,1.004,3.4356,-1.0573,1.3072,0.5313,1.5283,-1.1843,0.33973,0.35805,1.1416,-0.96129,0.19967,0.42016,0.762,-1.1168,-0.20001,0.41784,0.96381,-1.1816,-0.14257,0.26607,1.1202,-0.48871,0.11778,0.27009,0.77715,-0.61883,0.023411,0.26351,0.85689,-0.89709,-0.18946,0.29046,0.55193,-0.82853,-0.083517,0.21647,0.52912,-0.73198,-0.0090662,0.69544,2.1019,-0.20001,0.32447
0,0,0,0,0,0,0,0,0,0,0,0,0,0,0,0,0,0,0,0,0,0,0,0,0,0,0,0,0,0,0,0,0,0,0,0,0,0,0,0,0,0,0,0,0,0,0,0,0,0,0,0,0,0,0,0,0,0,0,0,0,0,0,0,0,0,0,0,0,0,0,0,0,0,0
118.56,21.242,153.92,82.929,111.87,0.068784,0.2394,1.0204,7.1952,19.8,0.75,12.05,0.093541,0.3,0.05,0.175,57.381,0.98287,68.857,92.275,222.94,328.88,409.49,1.7208,5.9032,-3.0153,3.0261,0.76948,2.5216,-1.424,0.15871,0.95833,3.7646,-0.51431,1.2277,0.51324,1.4882,-0.94273,0.39982,0.38968,1.7117,-0.73098,0.35356,0.46245,0.94608,-1.4423,-0.22369,0.51195,1.0586,-1.3951,-0.071233,0.3533,0.95359,-0.79493,0.035137,0.34652,0.6194,-0.95929,-0.073858,0.25454,0.70421,-0.63863,-0.060619,0.26161,0.68372,-0.818,-0.11837,0.23516,0.57053,-0.70926,-0.076179,0.92017,3.0261,-0.22369,0.38142
223.02,41.863,285.01,153.4,222.39,0.060901,0.27646,0.33613,14.496,27.75,7.25,17.5,0.90967,2,0.4,1.45,8.046,0.88945,12.069,65.005,149.01,159.59,256.61,1.744,5.3562,-2.8826,2.4078,0.69749,2.0821,-1.4922,0.34571,0.82331,2.787,-1.029,0.37651,0.56394,2.1036,-0.98312,0.40904,0.46065,2.0058,-0.85726,0.36945,0.58343,1.4907,-1.3326,-0.041988,0.3617,0.86877,-0.76603,0.034196,0.35243,0.84487,-1.0373,-0.02665,0.30314,0.94963,-0.48509,0.22172,0.24996,0.50016,-0.65976,-0.040622,0.20879,0.53606,-0.59443,-0.026147,0.27293,0.95528,-0.53461,0.26442,0.67093,2.4078,-0.041988,0.35779
0,0,0,0,0,0,0,0,0,0,0,0,0,0,0,0,0,0,0,0,0,0,0,0,0,0,0,0,0,0,0,0,0,0,0,0,0,0,0,0,0,0,0,0,0,0,0,0,0,0,0,0,0,0,0,0,0,0,0,0,0,0,0,0,0,0,0,0,0,0,0,0,0,0,0
0,0,0,0,0,0,0,0,0,0,0,0,0,0,0,0,0,0,0,0,0,0,0,0,0,0,0,0,0,0,0,0,0,0,0,0,0,0,0,0,0,0,0,0,0,0,0,0,0,0,0,0,0,0,0,0,0,0,0,0,0,0,0,0,0,0,0,0,0,0,0,0,0,0,0
230.7,46.104,318.29,148.04,231.35,0.076614,0.25242,0.47619,23.808,54,3.1,20.287,0.24958,0.6,0.05,0.4125,49.182,0.98007,49.182,42.338,128.4,427.21,1053.8,2.0428,6.0715,-3.854,2.0538,0.84071,3.1524,-1.7688,0.75375,0.84104,2.483,-1.1337,0.59594,0.547,1.4761,-1.206,0.30726,0.41342,1.373,-0.84933,0.24766,0.489,1.2732,-1.4294,0.025768,0.3195,0.88822,-1.1253,0.033761,0.29791,0.71372,-1.0323,-0.060663,0.35357,1.1414,-0.83723,0.11699,0.30807,0.77266,-1.0739,-0.17459,0.24521,0.6815,-0.68805,0.028119,0.28097,1.2156,-0.44059,0.28272,0.59926,2.0538,-0.17459,0.35088
221.25,51.371,292.92,134.82,222.91,0.12151,0.48913,0.23669,0,1.05,1.05,1.05,0.10408,0.2,0,0.083333,4.2,0.99495,12.6,36.669,68.147,532.56,557.34,1.9684,5.4513,-3.158,2.5296,0.55508,2.5473,-0.64486,0.84126,0.66153,2.3175,-0.91071,0.78024,0.42366,1.4308,-0.60198,0.52444,0.39872,1.1022,-0.89392,0.17402,0.46169,1.4487,-1.044,0.32602,0.39602,0.94969,-1.0088,0.08262,0.32874,0.78533,-0.79338,-0.05193,0.25547,0.67905,-0.61092,0.13532,0.24068,0.58273,-0.83004,-0.10302,0.26664,0.48911,-0.84256,-0.11346,0.22581,0.86178,-0.19286,0.29635,0.72719,2.5296,-0.11346,0.45179
0,0,0,0,0,0,0,0,0,0,0,0,0,0,0,0,0,0,0,0,0,0,0,0,0,0,0,0,0,0,0,0,0,0,0,0,0,0,0,0,0,0,0,0,0,0,0,0,0,0,0,0,0,0,0,0,0,0,0,0,0,0,0,0,0,0,0,0,0,0,0,0,0,0,0
0,0,0,0,0,0,0,0,0,0,0,0,0,0,0,0,0,0,0,0,0,0,0,0,0,0,0,0,0,0,0,0,0,0,0,0,0,0,0,0,0,0,0,0,0,0,0,0,0,0,0,0,0,0,0,0,0,0,0,0,0,0,0,0,0,0,0,0,0,0,0,0,0,0,0
197.13,41.255,269.74,136.89,179.54,0.11135,0.3532,0.40404,39.209,74.35,3,29.283,0.64291,1.3,0.1,0.56667,51.676,0.98102,51.676,64.139,137.92,300.45,642.67,1.6181,5.7215,-2.0374,2.9263,0.72233,2.7853,-1.3628,0.5967,0.85517,2.3602,-1.441,0.30977,0.54048,1.6774,-1.0034,0.35823,0.4932,1.8507,-1.2465,0.4216,0.4728,1.6427,-1.1724,0.23553,0.49458,1.3932,-1.0654,0.13331,0.33194,0.88653,-0.84302,0.0031588,0.2863,1.1242,-0.62327,0.13281,0.29632,0.83081,-0.98399,-0.12894,0.2578,0.71725,-0.77614,-0.058365,0.31311,1.2295,-0.52133,0.37984,0.81054,2.9263,-0.12894,0.44249
177.34,34.005,266.89,132.03,175.99,0.10504,0.32938,0.48,35.603,62.45,12.1,37.275,0.44814,1.05,0.25,0.76667,32.413,0.97007,48.62,60.029,136.79,261.49,505.02,1.438,5.8269,-2.1534,2.4895,0.73144,2.0814,-1.7872,0.67273,0.85766,2.5376,-1.2418,0.7579,0.44801,1.8709,-0.72913,0.56213,0.43462,1.5531,-0.98275,0.182,0.51958,2.0369,-0.8615,0.48586,0.38024,1.0439,-1.0249,0.011804,0.34299,0.73677,-1.0816,-0.0098808,0.24433,0.99382,-0.47884,0.13719,0.25046,0.42162,-0.99823,-0.21303,0.22948,0.69156,-0.54898,0.0343,0.27928,1.1115,-0.38117,0.33387,0.70818,2.4895,-0.21303,0.4537
177.01,32.403,245.77,134.72,178.7,0.1207,0.30979,0.7767,12.869,36.2,18,27.1,0,0.75,0.75,0.75,72.267,0.98635,36.133,48.317,90.646,255.92,483.74,1.5119,5.2592,-2.3711,2.4668,0.75128,2.9709,-0.87813,0.84706,0.95557,2.9109,-1.2158,1.009,0.45922,1.7921,-0.75453,0.47774,0.49366,1.3103,-0.94128,0.14602,0.47511,1.8399,-0.97367,0.42943,0.34231,0.87751,-0.90294,0.040989,0.36017,0.84791,-0.93808,-0.098574,0.29224,0.92424,-0.45299,0.09092,0.21529,0.18335,-0.92952,-0.30638,0.24915,0.62998,-0.53802,0.043034,0.30316,1.2196,-0.39179,0.24811,0.73898,2.4668,-0.30638,0.44951
0,0,0,0,0,0,0,0,0,0,0,0,0,0,0,0,0,0,0,0,0,0,0,0,0,0,0,0,0,0,0,0,0,0,0,0,0,0,0,0,0,0,0,0,0,0,0,0,0,0,0,0,0,0,0,0,0,0,0,0,0,0,0,0,0,0,0,0,0,0,0,0,0,0,0
0,0,0,0,0,0,0,0,0,0,0,0,0,0,0,0,0,0,0,0,0,0,0,0,0,0,0,0,0,0,0,0,0,0,0,0,0,0,0,0,0,0,0,0,0,0,0,0,0,0,0,0,0,0,0,0,0,0,0,0,0,0,0,0,0,0,0,0,0,0,0,0,0,0,0
174.49,24.351,242.39,133.64,175.84,0.07156,0.19913,0.71795,0,16.7,16.7,16.7,0.035355,0.05,0,0.025,334,0.99925,668,53.06,154.86,358.65,855.26,2.065,5.4802,-3.4999,1.9446,0.85299,3.0144,-1.5058,0.53428,0.82685,2.9469,-1.0065,0.94397,0.57861,1.197,-1.3416,-0.081848,0.46211,1.7803,-0.64249,0.55794,0.43143,0.71779,-1.2207,-0.13242,0.41257,1.0281,-0.80931,0.059788,0.33806,0.86597,-1.3334,0.056311,0.25196,0.65711,-0.77429,-0.047381,0.30785,0.46996,-1.1441,-0.18033,0.24276,0.98496,-0.5774,0.27722,0.21317,0.78207,-0.59369,0.15863,0.60623,1.9446,-0.18033,0.3409
0,0,0,0,0,0,0,0,0,0,0,0,0,0,0,0,0,0,0,0,0,0,0,0,0,0,0,0,0,0,0,0,0,0,0,0,0,0,0,0,0,0,0,0,0,0,0,0,0,0,0,0,0,0,0,0,0,0,0,0,0,0,0,0,0,0,0,0,0,0,0,0,0,0,0
166.78,120.82,527.22,79.627,135.88,0.11042,0.29979,0.81967,0,20.1,20.1,20.1,0.73655,1.3,0,0.45,14.889,0.95631,44.667,66.154,112.89,176.26,217.49,1.444,6.0383,-0.26436,2.8201,0.62652,1.9295,-1.3984,0.34741,0.8917,3.582,-0.025759,1.2353,0.67395,1.4197,-1.4978,0.25734,0.33369,1.2206,-0.40399,0.37415,0.40989,0.86581,-0.85645,-0.049944,0.41745,0.61582,-1.4673,-0.3381,0.31461,0.62848,-1.0276,-0.11942,0.25517,0.32599,-0.995,-0.32813,0.28025,0.8213,-0.29832,0.27172,0.21794,0.48603,-0.72751,-0.010375,0.19931,0.60436,-0.65547,0.07913,0.87427,2.8201,-0.3381,0.37827
133.32,83.323,524.22,90.83,111.57,0.083457,0.27835,0.89744,0,64.05,64.05,64.05,0,0.9,0.9,0.9,71.167,0.98614,71.167,64.39,158.34,236.88,601.75,2.1114,6.0453,-2.8004,2.643,0.73891,2.5581,-1.6892,0.42566,0.79799,3.8299,-0.57366,1.1644,0.59809,1.8921,-1.4235,0.2049,0.37853,1.6942,-0.53482,0.47575,0.43024,0.96276,-0.99799,-0.024665,0.43507,0.59844,-1.5839,-0.4293,0.35774,0.97188,-0.99839,-0.021396,0.22718,0.50161,-0.8269,-0.15204,0.29912,0.84626,-0.69332,-0.0030999,0.26522,0.59612,-0.81853,-0.083957,0.24824,0.86121,-0.42216,0.09671,0.8245,2.643,-0.4293,0.358
0,0,0,0,0,0,0,0,0,0,0,0,0,0,0,0,0,0,0,0,0,0,0,0,0,0,0,0,0,0,0,0,0,0,0,0,0,0,0,0,0,0,0,0,0,0,0,0,0,0,0,0,0,0,0,0,0,0,0,0,0,0,0,0,0,0,0,0,0,0,0,0,0,0,0
116.77,23.501,153.62,83.664,109.42,0.095536,0.23975,0.90909,0,39.25,39.25,39.25,0,0.9,0.9,0.9,43.611,0.97758,43.611,68.658,106.6,145.59,301.55,1.7281,5.2033,-1.9415,2.3544,0.64556,2.1522,-1.0917,0.32306,0.80229,3.4036,-0.07164,1.5007,0.4748,1.455,-1.0332,0.38438,0.42427,1.5744,-0.25986,0.68834,0.37483,0.88333,-0.89229,0.040841,0.49971,0.72694,-1.7515,-0.35153,0.33669,0.64709,-0.95718,-0.05503,0.25482,0.57774,-0.70822,-0.15926,0.27066,0.52161,-1.0686,-0.13186,0.23263,0.41482,-0.76704,-0.20396,0.19059,0.85498,-0.22079,0.28668,0.79735,2.3544,-0.35153,0.38973
103.26,13.175,133.09,79.689,99.977,0.12439,0.30302,0.94787,29.132,51.05,0.1,17.417,0.21794,0.45,0.05,0.2,87.083,0.98865,87.083,54.128,77.09,251.91,448.73,1.6634,5.7579,-2.2095,2.9648,0.8106,3.2181,-1.8059,0.50909,0.75816,2.8492,-1.1395,0.92862,0.57408,1.0761,-1.4017,-0.12238,0.41787,1.9362,-0.29801,0.71362,0.36875,1.3475,-0.70372,0.34727,0.49323,0.69151,-1.8933,-0.44562,0.2908,0.67763,-0.81808,-0.16465,0.28411,0.33156,-1.1701,-0.24372,0.31682,0.77665,-0.96636,-0.039759,0.26861,0.31308,-0.94283,-0.23184,0.2648,1.0188,-0.38407,0.19827,0.92013,2.9648,-0.44562,0.36781
118.2,19.451,420.85,84.669,114.43,0.11138,0.26665,1.3592,0,71.7,71.7,71.7,0.91924,2.6,1.3,1.95,18.385,0.94841,36.769,60.753,81.896,272.84,499.07,1.4727,5.2064,-1.4209,3.1282,0.70316,2.3916,-1.5709,0.20561,0.73808,3.1527,-0.44919,0.85763,0.57308,1.093,-1.9253,-0.092723,0.43945,1.702,-0.49273,0.63487,0.43174,0.98838,-1.1581,-0.028062,0.36386,0.68911,-1.4606,-0.39798,0.33591,0.69302,-0.93102,-0.064245,0.35955,0.54568,-1.5178,-0.29508,0.33811,0.97684,-0.78476,0.13732,0.24815,0.66934,-0.66706,-0.058909,0.20972,0.73335,-0.37735,0.18927,0.94399,3.1282,-0.39798,0.35132
112.25,28.401,399.36,80.035,105.15,0.11675,0.32737,0.80925,0,54.55,54.55,54.55,0.45962,2.05,1.4,1.725,15.812,0.94052,31.623,68.722,117.98,251.49,386.51,1.4584,5.4293,-1.7009,2.9375,0.61855,2.6694,-1.0984,0.23312,0.86978,3.7377,-0.76411,1.3316,0.45204,1.3872,-1.0849,0.29864,0.32949,1.4524,-0.23497,0.5322,0.39061,0.64101,-0.98794,-0.21594,0.55871,0.90165,-1.718,-0.23376,0.37909,0.64081,-1.2079,-0.21518,0.35352,0.67279,-1.0836,-0.25762,0.28441,0.9423,-0.40343,0.17976,0.23453,0.59497,-0.69778,-0.082209,0.29201,0.74981,-0.84038,0.13897,0.91955,2.9375,-0.25762,0.38725
248.77,202.1,623.3,76.632,101.55,0.10705,0.27374,1.1834,0,42.3,42.3,42.3,0.52915,1,0,0.4,35.25,0.97297,105.75,58.85,99.508,169.01,349.36,1.4515,5.5479,-2.1166,3.0351,0.67131,2.7179,-0.93629,0.35637,0.88377,3.2882,-0.75586,1.2386,0.49655,1.4204,-1.0389,0.31501,0.33353,1.4625,-0.26348,0.59245,0.45891,0.98124,-0.9568,0.030545,0.56878,0.86929,-1.7038,-0.43233,0.37077,0.56525,-1.1897,-0.18206,0.26954,0.50459,-0.9297,-0.22326,0.42406,1.0661,-0.75373,-0.052304,0.23953,0.64167,-0.64032,0.028201,0.22483,0.65474,-0.72509,0.13607,0.93722,3.0351,-0.43233,0.40353
222.38,203.83,732.79,81.204,137.79,0.077959,0.3319,0.375,18.07,36.75,0.2,9.65,0.28395,0.9,0.3,0.5125,18.829,0.94957,18.829,49.625,124.19,209.98,389.38,1.8288,5.2896,-4.4886,2.0718,0.61804,1.5038,-1.4718,0.23287,0.69709,3.4162,-0.81887,0.74638,0.57221,1.723,-1.2922,0.12162,0.34796,1.8683,-0.39725,0.55502,0.42198,0.86453,-0.98344,0.013478,0.45918,1.0182,-1.2921,-0.10536,0.32635,0.78336,-1.189,-0.16227,0.3634,1.2812,-0.55687,0.23933,0.3024,0.91564,-0.88937,-0.026132,0.27316,0.57958,-0.81538,-0.11384,0.21855,0.65839,-0.44109,0.10225,0.61939,2.0718,-0.16227,0.30626
124.87,17.454,152.7,89.092,124.18,0.11505,0.30234,1.0169,0,24.55,24.55,24.55,0.21213,0.3,0,0.15,81.833,0.99037,163.67,66.042,144.14,121.12,250.43,1.4231,5.0638,-1.3406,2.4032,0.63675,1.957,-1.8906,0.5743,0.64799,2.9251,-0.33268,0.99902,0.7903,1.4546,-1.9462,0.33393,0.36239,1.8141,-0.26791,0.63279,0.41172,0.72057,-1.073,-0.17015,0.42708,0.75122,-1.2425,-0.23908,0.32287,0.79801,-0.81752,-0.0075473,0.26529,0.6182,-0.81225,0.049248,0.32979,0.64926,-0.87613,-0.050319,0.31509,0.85794,-0.96641,-0.091553,0.27934,0.6843,-0.93916,0.010462,0.74278,2.4032,-0.23908,0.37036
113.63,14.889,146.65,86.818,108.1,0.080834,0.23977,0.875,27.329,58.1,0.05,18.925,0.20187,0.55,0,0.33,45.879,0.97946,57.348,70.78,250.55,376.71,866.97,1.9838,5.6837,-3.3347,2.1361,0.8498,2.8112,-1.5188,0.29566,0.80987,3.4747,-1.1946,0.74773,0.54256,1.6487,-1.3923,0.070873,0.4249,2.0376,-0.38812,0.66578,0.44863,1.563,-0.8532,0.24709,0.44977,1.3082,-0.93351,0.097654,0.34528,0.75954,-1.2333,-0.1623,0.28248,0.90115,-0.68418,0.084116,0.26754,0.58847,-0.77284,-0.10914,0.28348,0.53091,-0.9672,-0.27747,0.25307,0.72611,-0.78675,0.011945,0.64964,2.1361,-0.27747,0.31734
133.36,15.777,180.45,112.79,128.59,0.090565,0.24525,0.625,0,34.05,34.05,34.05,0,0.9,0.9,0.9,37.833,0.97425,37.833,45.659,91.478,178.84,376.7,2.0259,4.472,-3.1678,2.1668,0.73244,3.0299,-1.1393,0.87362,0.66154,2.9689,-0.60398,1.0009,0.41951,1.3913,-0.73185,0.46316,0.39355,1.1835,-0.80423,0.17523,0.35248,0.59822,-1.2246,-0.096818,0.53329,1.0919,-1.1668,0.018978,0.3926,0.78268,-1.0196,-0.11344,0.27206,1.0473,-0.27181,0.34393,0.26767,0.70459,-0.56651,-0.0016129,0.2567,0.56463,-0.77979,-0.095965,0.20076,0.32004,-0.68981,-0.12808,0.68114,2.1668,-0.12808,0.3839
130.95,19.008,169.52,93.077,129.03,0.11505,0.32468,0.99448,15.947,33.8,0.4,13.375,0.16808,0.5,0.1,0.28,38.214,0.9745,47.768,29.871,83.462,573.29,1032.9,1.9896,5.0766,-4.0238,1.5965,0.67999,2.5534,-1.1145,0.51486,0.84637,3.4803,-0.83594,1.2653,0.54118,1.6165,-1.2742,0.46887,0.32539,1.2689,-0.69537,0.18414,0.39844,0.68171,-1.1179,-0.28464,0.41092,1.0219,-0.83965,0.13424,0.3315,0.81476,-1.1935,0.021625,0.24397,0.53887,-0.71653,-0.06625,0.29632,1.1913,-0.87541,0.0683,0.28591,0.9525,-0.92846,-0.1033,0.2063,0.57741,-0.57541,-0.0049305,0.57112,1.5965,-0.28464,0.31623
114.68,12.578,139.1,87.945,113.56,0.067784,0.18081,1.5152,0,87.55,87.55,87.55,0.10607,0.15,0,0.075,583.67,0.9983,1167.3,134.77,320.01,198.95,375.38,1.9151,5.3422,-3.1043,2.7223,0.89252,2.6434,-1.9688,0.37418,0.83333,3.0501,-1.2159,0.6372,0.7529,1.1401,-2.7442,-0.24852,0.40265,1.9227,-0.20015,0.85743,0.42178,1.1649,-0.96147,0.079802,0.38121,0.99244,-0.77121,-0.058175,0.32087,0.68627,-0.91391,-0.035583,0.33897,1.0854,-0.63463,0.077005,0.25907,0.85356,-0.68832,0.049411,0.29328,0.80644,-0.96545,-0.11866,0.24332,0.77652,-0.62259,0.057719,0.80801,2.7223,-0.24852,0.36617
124.72,50.026,361.92,77.837,114.52,0.085486,0.24174,0.84615,11.702,26.85,0.3,12.83,0.46904,1.2,0.05,0.4,26.729,0.96394,32.075,103.77,194.31,160.94,339.92,1.5572,5.3253,-2.952,2.4771,0.65012,2.7693,-1.9598,0.45876,1.0135,3.6123,-1.0654,1.1713,0.51324,1.3548,-1.2601,0.20325,0.38503,1.5784,-0.36357,0.4428,0.51055,1.0637,-1.6942,-0.044292,0.37259,1.1403,-0.82413,0.11837,0.24839,0.70316,-0.62647,-0.083687,0.24246,0.88757,-0.42668,0.11383,0.24661,0.65637,-0.5926,0.044137,0.20215,0.37611,-0.74462,-0.18123,0.21956,0.57414,-0.65046,0.052366,0.74659,2.4771,-0.18123,0.39773
0,0,0,0,0,0,0,0,0,0,0,0,0,0,0,0,0,0,0,0,0,0,0,0,0,0,0,0,0,0,0,0,0,0,0,0,0,0,0,0,0,0,0,0,0,0,0,0,0,0,0,0,0,0,0,0,0,0,0,0,0,0,0,0,0,0,0,0,0,0,0,0,0,0,0
151.76,16.732,177.29,92.638,149.74,0.073816,0.26788,0.65359,0,33.9,33.9,33.9,0,2.85,2.85,2.85,11.895,0.92245,11.895,57.344,126.85,177.35,311.59,1.7666,5.6861,-1.7037,2.5137,0.61221,1.6365,-1.129,0.042626,0.812,2.8736,-0.92744,0.63157,0.53123,0.97877,-2.0725,-0.21318,0.46429,1.489,-0.83295,0.48781,0.3911,1.2261,-1.0441,-0.051541,0.36751,0.7759,-1.4495,-0.27679,0.30886,0.50066,-0.89975,-0.19881,0.38235,1.1753,-0.78744,0.12606,0.27452,0.70509,-0.62262,-0.020444,0.26953,0.65868,-0.83594,-0.1065,0.23172,0.62629,-0.46501,0.1049,0.76219,2.5137,-0.27679,0.25328
157.85,49.391,489.98,107.35,148.67,0.064818,0.21044,0.7767,17.773,36,0.65,17.25,0.69086,1.5,0,0.4875,26.538,0.97421,35.385,62.06,205.32,486.03,805.15,1.7547,5.2643,-2.6366,2.4551,0.81639,2.3118,-1.7198,0.20944,0.92752,3.6141,-0.77484,1.1181,0.58322,1.1564,-2.0533,-0.19825,0.38876,1.5581,-0.89906,0.37604,0.53289,1.787,-0.98871,0.21565,0.45081,1.0316,-1.6705,-0.45339,0.3439,0.9267,-0.87345,0.037819,0.35225,0.66972,-1.1917,-0.11715,0.30356,0.78457,-0.88372,-0.12221,0.21111,0.34235,-0.73448,-0.16084,0.25177,0.80402,-0.54922,0.093454,0.7877,2.4551,-0.45339,0.28782
0,0,0,0,0,0,0,0,0,0,0,0,0,0,0,0,0,0,0,0,0,0,0,0,0,0,0,0,0,0,0,0,0,0,0,0,0,0,0,0,0,0,0,0,0,0,0,0,0,0,0,0,0,0,0,0,0,0,0,0,0,0,0,0,0,0,0,0,0,0,0,0,0,0,0
208.05,111.01,599.47,103.04,197.57,0.093338,0.24537,1.2928,38.502,65.6,11.15,38.375,0.24749,0.75,0.4,0.575,66.739,0.98524,66.739,52.23,128.19,665.96,713.4,1.4851,5.2144,-1.385,2.7254,0.85974,2.4913,-1.8283,0.18775,0.95843,3.2095,-1.122,0.77561,0.68487,1.3684,-2.4993,-0.46428,0.45337,1.8922,-0.68426,0.52697,0.52563,1.6638,-1.1302,0.14459,0.3683,0.78378,-1.3269,-0.50485,0.32148,0.95513,-0.69747,0.03856,0.28928,0.77668,-0.72389,-0.0064319,0.37908,0.93749,-0.76475,0.11388,0.28718,0.66884,-0.81744,-0.034013,0.26793,0.8491,-0.65631,0.14803,0.83993,2.7254,-0.50485,0.30427
169.2,86.82,515.37,101.66,143.67,0.086163,0.21371,0.9375,20.153,29.35,0.85,15.1,1.0404,1.85,0,0.65,15.487,0.9672,23.231,56.143,221.39,359.34,640.45,1.5781,5.4115,-2.9375,2.6679,0.78357,2.9177,-1.3874,0.18096,1.0906,3.7055,-0.95327,1.2492,0.49174,0.94137,-1.5361,-0.19763,0.36061,1.3845,-0.53105,0.43131,0.49553,1.5248,-1.1277,0.13683,0.49472,0.85081,-1.6512,-0.27438,0.34885,1.3968,-0.8971,-0.039367,0.4403,0.68453,-1.3797,-0.19382,0.30635,0.89571,-0.75457,0.0095225,0.24579,0.34689,-0.77232,-0.2633,0.2676,0.78723,-0.68209,0.15745,0.84844,2.6679,-0.27438,0.32205
0,0,0,0,0,0,0,0,0,0,0,0,0,0,0,0,0,0,0,0,0,0,0,0,0,0,0,0,0,0,0,0,0,0,0,0,0,0,0,0,0,0,0,0,0,0,0,0,0,0,0,0,0,0,0,0,0,0,0,0,0,0,0,0,0,0,0,0,0,0,0,0,0,0,0
187.51,49.202,318.85,139.39,170.1,0.12296,0.32716,0.82645,0,25.25,25.25,25.25,0.10607,0.15,0,0.075,168.33,0.99568,336.67,35.007,83.486,318.93,416.52,1.2651,3.8955,-2.3158,1.9808,0.829,2.5663,-1.0433,0.95367,0.98276,2.8124,-1.2642,0.81497,0.68675,1.5511,-1.4312,0.23209,0.42319,1.5852,-0.57656,0.37104,0.41088,0.9404,-1.0944,0.17546,0.28978,0.88931,-0.66647,0.066601,0.37997,0.62559,-1.25,-0.34032,0.27918,0.92448,-0.51315,0.14094,0.22246,0.33446,-0.61234,-0.1319,0.25402,0.56006,-0.5657,-0.069114,0.21241,0.80091,-0.37019,0.10704,0.62897,1.9808,-0.34032,0.35844
0,0,0,0,0,0,0,0,0,0,0,0,0,0,0,0,0,0,0,0,0,0,0,0,0,0,0,0,0,0,0,0,0,0,0,0,0,0,0,0,0,0,0,0,0,0,0,0,0,0,0,0,0,0,0,0,0,0,0,0,0,0,0,0,0,0,0,0,0,0,0,0,0,0,0
189.09,24.416,235.16,143.26,191.89,0.094832,0.25901,0.54545,0,64.8,64.8,64.8,0,1.3,1.3,1.3,49.846,0.98033,49.846,50.993,120.94,272.61,594.99,1.5287,4.8193,-2.233,1.8726,0.60523,2.652,-1.1741,0.84468,0.7783,2.723,-0.93685,0.82859,0.50032,1.3909,-1.37,0.13613,0.45874,1.6112,-0.51321,0.5762,0.42685,1.3323,-1.0582,0.03915,0.31732,1.2627,-0.45415,0.23888,0.28507,0.73355,-0.86139,-0.051831,0.36228,0.97283,-0.98886,0.080599,0.27537,0.7199,-0.97597,-0.21624,0.2408,0.56701,-0.86035,-0.03902,0.20453,0.54417,-0.5229,0.061986,0.58655,1.8726,-0.21624,0.36431
201.75,54.4,306.33,138.16,185.55,0.13989,0.44737,0.41958,0,11.75,11.75,11.75,0.30414,0.55,0,0.2,19.583,0.98646,58.75,26.772,59.726,470.82,501.42,1.5855,3.9799,-3.3773,1.5638,0.60077,3.0184,-1.2936,1.1268,0.83475,2.3951,-1.3428,0.98141,0.4638,2.0254,-0.89055,0.43878,0.40657,1.4381,-0.39703,0.41024,0.40635,1.0712,-0.64642,0.19343,0.36503,0.75526,-1.0054,-0.0092248,0.34644,1.0126,-1.067,-0.13349,0.25732,0.72204,-0.55312,0.17371,0.27451,0.47108,-0.93453,-0.17035,0.25359,0.48117,-0.76596,-0.14056,0.22242,0.86575,-0.32879,0.19419,0.55807,1.5638,-0.17035,0.38573
0,0,0,0,0,0,0,0,0,0,0,0,0,0,0,0,0,0,0,0,0,0,0,0,0,0,0,0,0,0,0,0,0,0,0,0,0,0,0,0,0,0,0,0,0,0,0,0,0,0,0,0,0,0,0,0,0,0,0,0,0,0,0,0,0,0,0,0,0,0,0,0,0,0,0
0,0,0,0,0,0,0,0,0,0,0,0,0,0,0,0,0,0,0,0,0,0,0,0,0,0,0,0,0,0,0,0,0,0,0,0,0,0,0,0,0,0,0,0,0,0,0,0,0,0,0,0,0,0,0,0,0,0,0,0,0,0,0,0,0,0,0,0,0,0,0,0,0,0,0
0,0,0,0,0,0,0,0,0,0,0,0,0,0,0,0,0,0,0,0,0,0,0,0,0,0,0,0,0,0,0,0,0,0,0,0,0,0,0,0,0,0,0,0,0,0,0,0,0,0,0,0,0,0,0,0,0,0,0,0,0,0,0,0,0,0,0,0,0,0,0,0,0,0,0
0,0,0,0,0,0,0,0,0,0,0,0,0,0,0,0,0,0,0,0,0,0,0,0,0,0,0,0,0,0,0,0,0,0,0,0,0,0,0,0,0,0,0,0,0,0,0,0,0,0,0,0,0,0,0,0,0,0,0,0,0,0,0,0,0,0,0,0,0,0,0,0,0,0,0
0,0,0,0,0,0,0,0,0,0,0,0,0,0,0,0,0,0,0,0,0,0,0,0,0,0,0,0,0,0,0,0,0,0,0,0,0,0,0,0,0,0,0,0,0,0,0,0,0,0,0,0,0,0,0,0,0,0,0,0,0,0,0,0,0,0,0,0,0,0,0,0,0,0,0
188.89,79.495,556.4,142.94,174.28,0.063284,0.2293,0.54795,7.1652,18.6,1.25,9.0125,0.55827,1.3,0.05,0.5,18.025,0.94744,18.025,69.015,146.32,107.16,255.15,1.2723,4.7895,-1.5534,2.426,0.80793,2.984,-1.0268,0.81747,0.93077,2.2946,-1.8249,0.60485,0.58956,1.5992,-0.97063,0.22642,0.37296,1.2725,-0.4651,0.31587,0.29273,0.72745,-0.91193,-0.010724,0.35003,0.7084,-1.0452,-0.057563,0.43431,1.1473,-0.89105,-0.039956,0.28263,0.76582,-0.65909,0.0096807,0.29217,0.48,-0.92621,-0.24853,0.27718,0.50228,-0.71416,-0.013791,0.23131,0.96504,-0.5274,0.026314,0.7241,2.426,-0.24853,0.33801
325.07,225.41,762.46,124.96,203.26,0.051289,0.21308,0.31008,7.0357,22.35,12.4,17.375,0.85294,1.75,0.1,1.05,11.032,0.91689,16.548,76.276,142.23,166.78,250.63,1.3405,4.5514,-1.8563,2.43,0.88682,3.307,-1.2388,0.80773,0.8585,2.7726,-1.3802,0.51536,0.58321,1.7372,-1.0695,0.29413,0.32344,1.3214,-0.44845,0.39331,0.37519,0.50814,-1.0838,-0.21525,0.26406,0.53809,-0.73783,-0.098334,0.3317,0.61697,-0.99193,-0.096119,0.39736,1.1012,-0.46907,0.21488,0.26192,0.49141,-1.1631,-0.32271,0.25815,0.54676,-0.70086,-0.054536,0.21024,0.74454,-0.29675,0.20773,0.73492,2.43,-0.32271,0.33968
169.45,29.773,219.02,116.5,163.19,0.053047,0.19882,0.9396,18.336,44.85,1,13.24,0.34737,1.05,0.1,0.53333,20.687,0.95389,24.825,89.402,239.66,272.6,530.83,1.8893,6.0628,-3.8929,2.5494,0.91527,3.0779,-3.2946,0.75427,0.82553,2.7538,-1.1495,0.59305,0.57374,1.4612,-1.7287,0.080134,0.30965,1.345,-0.66256,0.41538,0.40813,0.8704,-1.3633,-0.2317,0.26849,0.80251,-0.71674,-0.0053046,0.30858,0.60004,-1.2111,-0.17112,0.33614,1.0837,-0.75851,0.049959,0.28002,0.55335,-1.0081,-0.2901,0.24367,0.62096,-0.87193,-0.060631,0.26167,0.62702,-0.66448,0.12139,0.77348,2.5494,-0.2901,0.31706
217.56,37.476,284.95,100.59,218.26,0.091134,0.34648,0.44444,0,57.25,57.25,57.25,0.035355,0.85,0.8,0.825,34.697,0.97199,69.394,54.52,400,365.67,719.83,1.6077,4.6869,-3.2986,1.9437,0.72319,3.1294,-0.66625,0.84452,0.645,2.1948,-1.3962,0.73918,0.48779,1.6218,-0.75666,0.30991,0.45734,2.2992,-0.40374,0.55677,0.34666,0.54907,-1.0935,-0.16202,0.2815,0.87877,-0.82264,0.0048559,0.35092,0.75973,-1.0095,-0.030037,0.22777,0.75146,-0.53557,0.086402,0.27664,0.31655,-0.9527,-0.23317,0.19605,0.67009,-0.54682,0.015596,0.19403,0.70821,-0.37488,0.13315,0.60861,1.9437,-0.23317,0.35074
0,0,0,0,0,0,0,0,0,0,0,0,0,0,0,0,0,0,0,0,0,0,0,0,0,0,0,0,0,0,0,0,0,0,0,0,0,0,0,0,0,0,0,0,0,0,0,0,0,0,0,0,0,0,0,0,0,0,0,0,0,0,0,0,0,0,0,0,0,0,0,0,0,0,0
201.03,39.746,272.05,131.31,200.24,0.057441,0.21512,0.36199,22.143,49.85,2.2,16.875,0.66505,1.65,0.15,0.7875,21.429,0.95541,21.429,95.881,229.25,95.641,389.6,1.3949,4.5276,-1.9445,2.62,0.66879,3.2274,-0.60639,0.85881,0.74669,2.0976,-1.4702,0.38647,0.49515,1.4248,-1.0692,0.17181,0.39224,1.601,-0.48669,0.5886,0.35245,0.80265,-1.0078,-0.094546,0.31289,0.532,-0.99813,-0.22229,0.29811,0.55511,-0.95907,-0.039681,0.28413,0.8398,-0.68052,0.0744,0.25225,0.49977,-0.83495,-0.15651,0.22227,0.55362,-0.54564,-0.0080456,0.18826,0.8103,-0.29888,0.19769,0.77813,2.62,-0.22229,0.36473
202.09,40.316,287.72,136.76,188.6,0.07753,0.24382,0.87432,9.9454,23.15,4.85,16.25,0.28687,0.6,0,0.3375,36.111,0.97752,48.148,70.675,152.95,197.32,408.28,1.2703,4.7576,-2.2951,2.5923,0.58579,2.2551,-1.0362,0.59337,0.78523,2.2655,-1.3844,0.64224,0.39842,1.5934,-0.68198,0.2676,0.33509,1.3325,-0.78622,0.21381,0.3653,0.84621,-1.037,-0.015614,0.32409,0.9218,-1.0326,-0.10302,0.35162,0.85214,-0.96018,-0.17705,0.29114,0.87277,-0.59829,0.072888,0.27616,0.50612,-0.92762,-0.16102,0.28826,0.52762,-0.91105,-0.12338,0.25439,1.0406,-0.40756,0.20082,0.7625,2.5923,-0.17705,0.33358
211.81,54.508,310.51,150.61,193.59,0.070523,0.21745,0.69565,0,40.1,40.1,40.1,0.35355,1.1,0.6,0.85,23.588,0.95933,47.176,62.009,114.92,212.7,295.91,1.2111,4.9993,-1.2699,2.5932,0.64965,2.5325,-0.68913,0.61289,0.68126,2.1644,-1.0529,0.64281,0.51487,1.8898,-0.71718,0.41901,0.36206,1.2666,-0.46655,0.32882,0.45106,0.63358,-1.3124,-0.19974,0.33536,0.88545,-0.80172,-0.045635,0.40723,0.82294,-1.3638,-0.18268,0.31474,1.1438,-0.55608,0.14814,0.284,0.27556,-1.0725,-0.37849,0.28805,0.60108,-1.0494,-0.074475,0.20052,0.75829,-0.19132,0.32093,0.77968,2.5932,-0.37849,0.34873
0,0,0,0,0,0,0,0,0,0,0,0,0,0,0,0,0,0,0,0,0,0,0,0,0,0,0,0,0,0,0,0,0,0,0,0,0,0,0,0,0,0,0,0,0,0,0,0,0,0,0,0,0,0,0,0,0,0,0,0,0,0,0,0,0,0,0,0,0,0,0,0,0,0,0
0,0,0,0,0,0,0,0,0,0,0,0,0,0,0,0,0,0,0,0,0,0,0,0,0,0,0,0,0,0,0,0,0,0,0,0,0,0,0,0,0,0,0,0,0,0,0,0,0,0,0,0,0,0,0,0,0,0,0,0,0,0,0,0,0,0,0,0,0,0,0,0,0,0,0
113.72,16.493,142.21,81.287,110.3,0.051932,0.19602,0.62893,10.041,14.4,0.2,7.3,0.23629,0.45,0,0.26667,18.25,0.98778,27.375,113.76,261.44,220.26,386.49,2.0554,5.1761,-2.6058,1.9735,0.75564,2.5816,-1.8266,0.23355,0.86384,3.6959,-0.825,0.98496,0.60412,1.6583,-1.2529,0.099592,0.37282,1.6394,-0.40023,0.4948,0.44788,1.2968,-0.97307,0.19573,0.35333,0.87858,-0.76871,0.0055166,0.31807,0.53972,-1.0864,-0.15876,0.26478,0.60021,-0.89249,-0.05876,0.25192,0.74374,-0.7396,-0.031113,0.25318,0.50902,-0.78488,-0.22887,0.21373,0.85646,-0.53393,0.14047,0.61817,1.9735,-0.22887,0.30421
0,0,0,0,0,0,0,0,0,0,0,0,0,0,0,0,0,0,0,0,0,0,0,0,0,0,0,0,0,0,0,0,0,0,0,0,0,0,0,0,0,0,0,0,0,0,0,0,0,0,0,0,0,0,0,0,0,0,0,0,0,0,0,0,0,0,0,0,0,0,0,0,0,0,0
0,0,0,0,0,0,0,0,0,0,0,0,0,0,0,0,0,0,0,0,0,0,0,0,0,0,0,0,0,0,0,0,0,0,0,0,0,0,0,0,0,0,0,0,0,0,0,0,0,0,0,0,0,0,0,0,0,0,0,0,0,0,0,0,0,0,0,0,0,0,0,0,0,0,0
0,0,0,0,0,0,0,0,0,0,0,0,0,0,0,0,0,0,0,0,0,0,0,0,0,0,0,0,0,0,0,0,0,0,0,0,0,0,0,0,0,0,0,0,0,0,0,0,0,0,0,0,0,0,0,0,0,0,0,0,0,0,0,0,0,0,0,0,0,0,0,0,0,0,0
0,0,0,0,0,0,0,0,0,0,0,0,0,0,0,0,0,0,0,0,0,0,0,0,0,0,0,0,0,0,0,0,0,0,0,0,0,0,0,0,0,0,0,0,0,0,0,0,0,0,0,0,0,0,0,0,0,0,0,0,0,0,0,0,0,0,0,0,0,0,0,0,0,0,0
110.47,32.017,199.05,79.151,99.135,0.060088,0.18921,0.43668,42.674,60.4,0.05,30.225,1.4496,2.5,0.45,1.475,20.492,0.95347,20.492,105.3,214.8,154.71,279.03,1.4924,4.0993,-2.8242,2.045,0.60837,1.9667,-1.5311,0.10193,0.79215,2.8821,-0.95714,1.0534,0.4892,1.4314,-1.2214,0.28575,0.39296,1.5248,-0.39749,0.45621,0.39257,1.0768,-0.8496,0.28464,0.37976,0.75799,-0.96792,-0.019707,0.29933,0.59934,-0.79498,-0.1379,0.3104,0.9885,-0.81545,0.097549,0.21357,0.6592,-0.60473,0.025761,0.25126,0.46334,-0.9126,-0.24476,0.24315,0.87189,-0.36689,0.2157,0.62989,2.045,-0.24476,0.34697
110.15,26.343,165.19,75.773,96.739,0.10902,0.26233,0.84656,0,1.5,1.5,1.5,0.035355,0.05,0,0.025,30,0.99897,60,56.948,81.156,229.68,291.86,1.5048,4.5171,-2.6013,2.1141,0.65196,2.7019,-0.9464,0.44818,0.91676,3.5836,-1.0277,1.1667,0.50197,1.702,-0.93841,0.28109,0.4164,1.53,-0.51652,0.50491,0.31109,1.2728,-0.49289,0.26651,0.37861,0.83279,-0.75947,0.0065138,0.28786,0.98312,-0.7494,-0.10681,0.33988,0.82035,-0.88575,0.018334,0.24805,0.57601,-0.58445,0.012251,0.24895,0.5082,-0.8984,-0.19814,0.20395,0.98384,-0.27392,0.22543,0.65135,2.1141,-0.19814,0.39492
264.58,29.184,311.42,205.18,265.11,0.046504,0.20828,0.72072,0,36.95,36.95,36.95,0.88388,2,0.75,1.375,13.436,0.93073,26.873,43.384,182.05,382.63,618.04,1.5006,3.2403,-3.5188,1.0747,0.8337,2.2181,-1.6706,0.24701,0.88533,3.7002,-0.74647,1.226,0.55941,1.1119,-1.3813,-0.081038,0.50036,1.5838,-0.65596,0.3225,0.49886,0.57761,-1.7583,-0.66845,0.35152,0.98596,-0.57756,0.1376,0.4515,0.71559,-1.379,-0.087478,0.37565,1.2204,-0.80614,0.33515,0.26578,0.42629,-0.97946,-0.24316,0.26565,0.8553,-0.64151,0.062805,0.35398,0.85513,-0.79398,0.14943,0.52139,1.226,-0.66845,0.20626
261.34,42.76,329.1,168.24,265.62,0.069586,0.24625,0.57143,0,29.15,29.15,29.15,0.55678,1.1,0,0.6,16.194,0.95572,48.583,35.065,113.35,493.43,551.04,1.1484,2.9362,-2.5482,0.8566,0.82212,2.0527,-1.4813,0.42647,0.88041,2.8534,-0.95781,0.89716,0.54278,1.2668,-1.0509,0.13782,0.42437,1.7574,-0.76871,0.28966,0.52042,0.9311,-1.2971,-0.14848,0.35914,0.99087,-0.91777,0.063384,0.43846,1.2467,-1.1008,0.065106,0.2504,0.89857,-0.29718,0.23579,0.25536,0.5589,-0.64765,-0.081542,0.26367,0.83344,-0.61192,0.080528,0.22708,0.66588,-0.41416,0.14871,0.33151,0.89716,-0.14848,0.2476
196.71,41.164,293.56,149.47,185.38,0.062641,0.24926,0.44776,0,36.4,36.4,36.4,0,1.6,1.6,1.6,11.375,0.91919,22.75,45.554,101.15,383.06,425.01,1.4958,3.9397,-3.0511,1.7913,1.0256,2.1658,-1.9906,0.049958,0.84008,3.2025,-0.79281,1.0292,0.48974,1.7097,-0.78051,0.38312,0.32915,1.513,-0.42948,0.57541,0.55317,0.82925,-1.7718,-0.42963,0.37833,0.63812,-0.92201,-0.12032,0.29256,1.1404,-0.64329,0.1643,0.39624,0.98145,-0.7616,0.19392,0.24867,0.53386,-0.84334,-0.12417,0.30576,1.0167,-0.56812,0.077379,0.34291,1.023,-0.62478,0.090851,0.59639,1.7913,-0.42963,0.30678
197.38,24.741,227.74,153.4,199.62,0.065792,0.25781,0.67227,0,48.4,48.4,48.4,1.9092,3.2,0.5,1.85,13.081,0.92898,26.162,52.01,107.48,333.24,528.55,1.2275,3.6755,-2.6174,1.6068,0.90676,2.1725,-1.4629,0.081617,0.82688,3.1646,-0.59254,1.072,0.51544,0.96591,-1.2583,-0.080321,0.34357,1.4461,-0.49312,0.62112,0.43589,0.94157,-1.1875,-0.15166,0.30937,0.99551,-0.79282,-0.029325,0.33326,0.98607,-0.59505,0.18643,0.37841,1.2599,-0.5558,0.3854,0.30511,0.65075,-1.0234,-0.2662,0.2536,0.72457,-0.62782,0.11174,0.31886,0.95538,-0.61161,0.1149,0.54953,1.6068,-0.2662,0.30437
246.33,22.764,302.2,203.78,245.21,0.04285,0.17741,0.6867,9.9476,27.1,0.85,9.0563,0.61768,1.6,0.05,0.84444,9.5329,0.90506,10.725,79.92,304.9,378.04,605.56,1.568,4.8846,-3.2207,1.4738,0.75247,2.4989,-2.0744,0.68093,0.82834,3.2473,-1.2063,0.9953,0.55208,1.4196,-1.9658,0.061476,0.38628,1.6439,-0.42185,0.48414,0.41583,0.82703,-1.3959,-0.22716,0.34549,1.0708,-0.92146,-0.080716,0.31123,0.86347,-1.0105,-0.033932,0.33759,1.2879,-0.74583,0.18345,0.26299,0.49419,-0.86168,-0.17218,0.21663,0.87747,-0.57237,0.089318,0.32436,0.9146,-1.215,0.16112,0.51625,1.4738,-0.22716,0.30129
209.43,26.06,287.26,174.52,203.71,0.18789,0.40922,0.46512,14.321,28.55,0.45,12.9,0.27839,0.9,0.35,0.6,21.5,0.95556,21.5,19.414,45.994,627.44,1005,1.7007,3.5278,-3.6412,1.1052,0.71681,2.1671,-0.8993,0.56767,0.63906,3.1252,-0.69306,1.2859,0.4264,1.1873,-0.96421,0.32438,0.45124,1.6355,-0.44968,0.57931,0.46123,0.79086,-1.294,-0.1169,0.48495,1.4279,-0.98745,-0.090909,0.29041,0.78097,-0.58275,0.095571,0.31515,1.2834,-0.6274,0.28611,0.24762,0.47528,-0.87493,-0.20839,0.23059,0.50835,-0.67526,0.025368,0.29865,1.097,-0.34308,0.34817,0.47148,1.2859,-0.20839,0.35012
204.24,28.561,250.82,159.45,197.47,0.061766,0.25149,0.52288,0,41.1,41.1,41.1,0,1.25,1.25,1.25,32.88,0.97048,32.88,39.103,116.91,371.11,548.95,1.6701,3.4379,-4.1698,1.091,0.61725,2.1223,-0.58991,0.60312,0.75433,3.7338,-0.34796,1.1768,0.49961,1.2042,-1.1679,0.23703,0.50172,1.2797,-1.0445,0.34567,0.34615,0.69629,-1.2657,-0.2211,0.47251,1.2363,-0.9324,-0.039983,0.47163,1.3041,-0.90067,0.15076,0.38363,1.2318,-0.68021,0.22579,0.2806,0.5099,-0.8685,-0.19139,0.25969,0.72909,-0.53363,0.055169,0.24686,0.89633,-0.20168,0.28229,0.44801,1.1768,-0.2211,0.30959
194.1,42.92,275.31,140.84,192.38,0.094277,0.30665,0.42328,11.75,28.25,0.25,10.64,0.6047,1.85,0.25,0.78333,11.319,0.91883,13.583,27.777,80.935,632.28,1087,1.4909,3.5367,-3.9439,1.122,0.64055,2.3352,-1.607,0.52853,0.7748,3.2598,-0.68471,1.3221,0.3887,1.4121,-0.7552,0.32996,0.41457,1.6207,-0.4308,0.52829,0.3713,0.64504,-1.3658,-0.11914,0.42054,1.5251,-0.96324,0.1976,0.30525,0.85573,-0.67145,0.085758,0.4352,1.2768,-0.87388,0.021631,0.30151,0.63457,-1.142,-0.18356,0.21958,0.67302,-0.67113,-0.082136,0.30919,0.86949,-0.76004,0.20951,0.47791,1.3221,-0.18356,0.33004
198.45,21.517,257.14,175.47,186.28,0.10989,0.27275,0.68966,0,39.55,39.55,39.55,0.24749,0.35,0,0.175,113,0.99276,226,30.55,67.571,409.41,759.31,1.3808,3.2399,-3.5752,1.0428,0.61579,2.438,-0.50808,0.67426,0.87441,3.3367,-0.57162,1.4388,0.42472,1.4492,-0.68982,0.44463,0.29839,1.1653,-0.49332,0.36972,0.44852,0.5403,-1.4692,-0.36396,0.36326,1.2531,-0.68376,0.26739,0.3915,1.1503,-1.0531,0.036537,0.39134,1.0788,-0.84228,0.10713,0.27141,0.63581,-1.1837,-0.17684,0.22473,0.64775,-0.75882,0.013489,0.33463,1.1617,-0.45879,0.26582,0.5091,1.4388,-0.36396,0.34331
208.39,38.747,292.5,152.05,222.09,0.082594,0.26714,0.35714,0,64.25,64.25,64.25,0.63705,1.15,0,0.73333,29.205,0.96716,87.614,46.152,105.8,740,750.26,1.3793,4.6941,-2.2918,2.0329,0.90907,2.6481,-1.668,0.22027,0.97225,3.6751,-1.3502,0.94257,0.60769,1.5547,-1.2511,0.046549,0.38359,1.6083,-0.50033,0.45007,0.39527,0.80739,-1.368,-0.37372,0.33492,0.92717,-1.1255,-0.13653,0.40891,0.80546,-1.3865,0.057114,0.40782,1.2932,-0.61146,0.26048,0.29934,0.66968,-0.88376,-0.077083,0.27334,0.89473,-0.59135,0.097988,0.26726,0.92556,-0.6091,0.26285,0.63213,2.0329,-0.37372,0.31529
228.54,27.649,290.8,164.69,225.33,0.10234,0.28048,0.85308,35.085,65.45,1.65,25.117,0.54006,1.7,0.55,1.1,17.125,0.94483,22.833,53.113,185.32,363.73,756.16,1.4105,4.0494,-2.6821,1.7762,0.82428,2.4596,-1.1945,0.40829,0.83694,3.1567,-0.89597,1.013,0.62095,1.1212,-1.6295,-0.020988,0.373,1.8378,-0.36208,0.71747,0.45236,0.56751,-1.6736,-0.39262,0.32759,0.94193,-0.70735,-0.0029178,0.32285,0.95029,-0.80717,0.12706,0.38029,1.4045,-0.52763,0.36867,0.23414,0.63846,-0.78953,-0.04118,0.26139,1.0168,-0.54345,0.10422,0.2466,0.73478,-0.55993,0.14236,0.58251,1.7762,-0.39262,0.34997
245.47,44.431,307.76,149.68,264.25,0.11235,0.28626,0.72398,0,58.85,58.85,58.85,0.21213,0.9,0.6,0.75,39.233,0.97514,78.467,43.748,92.425,453.79,654.4,1.4155,3.8114,-2.9074,1.4893,0.72202,2.198,-2.0983,0.44211,0.78832,3.0227,-0.75277,1.1048,0.43786,1.304,-0.89876,-0.014821,0.41077,1.5639,-0.43919,0.55422,0.41636,0.93925,-1.2304,-0.14362,0.4204,1.3627,-0.85693,0.19604,0.40143,0.80565,-1.3904,-0.13827,0.3435,0.96316,-0.89184,0.096059,0.29893,0.73772,-0.92835,-0.044793,0.27273,0.68634,-0.67951,0.002713,0.26393,0.83166,-0.51211,0.19263,0.51387,1.4893,-0.14362,0.31137
255.22,57.766,356.44,152.06,239.79,0.052225,0.27928,0.28986,12.5,33,5.7,14.45,1.0802,2.65,0.05,0.99,11.677,0.92112,14.596,69.247,317.63,259.33,389.17,1.2367,3.3785,-2.5987,1.3652,0.77614,2.3033,-1.402,0.48857,0.79861,3.3811,-0.63774,1.2504,0.55212,2.3848,-1.6012,-0.14203,0.39959,1.228,-0.78164,0.089909,0.42848,0.51579,-1.7422,-0.39442,0.3362,1.1229,-0.68187,0.19538,0.36752,1.0826,-0.64808,0.12688,0.33817,1.0125,-0.66401,0.17683,0.27447,0.57306,-1.1793,-0.090536,0.2431,0.48408,-0.81517,-0.028181,0.23521,0.76676,-0.37388,0.17687,0.53209,1.3652,-0.39442,0.26791
210.59,44.161,305.45,154.84,193.15,0.062762,0.25187,0.5,21.217,42.95,0.55,21.267,1.0263,2.5,0.5,1.3667,15.561,0.93962,15.561,59.102,172.73,435.46,589.02,1.1355,3.5633,-2.4799,1.4248,0.81063,2.3101,-1.2523,0.55682,0.82806,3.5611,-0.28078,1.2961,0.48778,1.1991,-1.0453,0.06971,0.42475,1.5197,-0.64339,0.26586,0.42973,0.73718,-1.714,-0.1615,0.34437,0.91747,-0.73792,0.13373,0.3461,1.0641,-1.1332,-0.04553,0.33914,1.194,-0.5475,0.20003,0.21829,0.34023,-0.97744,-0.18475,0.21938,0.61477,-0.52711,0.020975,0.24595,0.96328,-0.53745,0.14918,0.52929,1.4248,-0.18475,0.31045
