366.62,247.62,716.74,84.042,298.94,0.058835,0.22431,0.72993,6.9739,15.45,0.35,7.0875,0.45102,1.2,0,0.40833,11.571,0.9216,17.357,69.973,176.08,136.77,277.74,1.8957,5.2978,-3.7417,2.6763,0.74497,1.7337,-1.982,-0.046728,0.77665,3.1996,-0.66242,0.82836,0.55817,1.4398,-1.1511,0.17079,0.37619,1.423,-0.59445,0.28427,0.52177,1.0765,-1.0648,-0.15565,0.54514,0.99079,-1.3942,-0.32505,0.38632,0.84136,-0.93498,0.0023554,0.29887,0.72475,-0.60713,0.029201,0.3359,0.78221,-0.83867,0.10954,0.22091,0.3659,-0.66905,-0.10627,0.29227,0.53703,-1.2677,-0.07863,0.80704,2.6763,-0.32505,0.28238
252.19,188.68,687.87,84.804,138.95,0.083482,0.27914,1.1009,6.364,17.95,8.95,13.45,0.14142,0.55,0.35,0.45,29.889,0.96763,29.889,71.744,138.77,150.3,222.46,1.7101,5.3525,-2.251,2.4736,0.80461,2.5526,-1.5508,0.2448,1.1308,3.8933,-0.81758,1.0294,0.67503,1.5254,-1.1823,0.26841,0.32304,1.1947,-0.3725,0.34972,0.47226,0.94372,-1.2866,-0.018818,0.4081,0.72871,-1.1163,-0.23849,0.30281,0.5162,-0.9115,-0.051625,0.31713,0.7926,-0.7371,-0.028455,0.29953,0.67259,-0.50434,-0.0080633,0.27326,0.80055,-0.73143,-0.035486,0.26005,0.4823,-1.1028,-0.091931,0.75317,2.4736,-0.23849,0.32442
341.1,253.25,729.2,86.557,144.91,0.076981,0.26809,0.68966,0,27.95,27.95,27.95,0.56569,1.55,0.75,1.15,12.152,0.92397,24.304,70.611,161.98,161.46,263.81,1.9188,5.3462,-2.4221,2.7263,0.96415,2.4493,-1.9155,0.098116,0.78549,2.9852,-0.55436,0.72642,0.60718,1.2038,-1.5721,0.017572,0.36466,1.2209,-0.78907,0.27462,0.57268,1.2073,-1.2479,0.093454,0.57378,0.80834,-1.4732,-0.24012,0.33629,0.8624,-0.75623,-0.077541,0.31215,1.1102,-0.80427,0.073042,0.32986,1.0056,-0.72,0.039207,0.29452,0.38097,-0.77229,-0.11653,0.23337,0.50289,-0.53098,-0.040628,0.80203,2.7263,-0.24012,0.29782
183.38,128.52,562.87,99.447,130.28,0.068644,0.23234,1.1152,16.997,40.75,0.2,11.9,0.17224,0.65,0.25,0.48333,20.517,0.95353,24.621,65.467,179.63,406.65,689.56,2.004,5.2177,-3.6314,2.0843,0.84706,3.0213,-1.4732,0.44939,0.89415,3.4293,-0.95241,0.95655,0.58939,1.7867,-1.3109,0.21024,0.39662,1.3787,-0.81929,0.31351,0.47602,1.21,-1.0074,0.026603,0.49603,0.86606,-1.6984,-0.23327,0.29659,0.70911,-1.0877,-0.099594,0.24065,0.64181,-0.70693,0.066117,0.30277,0.80391,-0.74542,-0.098546,0.28222,0.79298,-0.90951,-0.16634,0.21311,0.75091,-0.58682,0.0033999,0.65243,2.0843,-0.23327,0.29269
157.78,90.679,496.89,92.622,134.28,0.11156,0.28474,0.99291,0,0.7,0.7,0.7,0.21213,0.3,0,0.15,2.3333,0.99138,4.6667,47.497,98.946,285.89,409.39,2.1095,5.4379,-3.2469,2.6143,0.75788,2.303,-1.3994,0.53928,0.79021,3.5497,-1.0409,0.85796,0.46295,1.4946,-1.5019,0.31905,0.37566,1.2773,-0.61605,0.2996,0.55776,1.4189,-1.0106,0.27387,0.51772,0.86156,-1.3847,-0.12344,0.26373,0.73347,-0.74889,-0.13014,0.28375,0.73572,-0.81049,0.11796,0.23883,0.6114,-0.68492,-0.15568,0.27291,0.56827,-0.85727,-0.27072,0.27904,0.74976,-0.73083,-0.01733,0.78123,2.6143,-0.27072,0.3604
178.18,131.2,532.34,91.389,125.61,0.080205,0.22771,0.92308,6.5761,23.35,14.05,18.7,0.15811,0.35,0,0.15,62.333,0.98718,124.67,57.152,157.97,302.7,519.57,2.1594,5.7959,-3.3565,2.2563,0.7305,2.3216,-1.7104,0.1692,0.99392,3.8656,-0.76167,1.3634,0.53299,2.0304,-0.96208,0.37042,0.35027,1.3041,-0.58527,0.31835,0.53759,1.2144,-1.0347,-0.046985,0.58198,1.1529,-1.6552,-0.12788,0.35148,0.97649,-0.67753,0.10409,0.32534,0.77557,-0.80833,0.024418,0.28328,0.73619,-0.86871,-0.093945,0.29858,0.50804,-0.92848,-0.18314,0.23481,0.55934,-0.61681,-0.028742,0.73063,2.2563,-0.18314,0.34379
172.99,138.95,614.3,89.805,117.63,0.070899,0.2241,0.96257,12.233,37.55,20.25,28.9,0.035355,0.1,0.05,0.075,385.33,0.99741,385.33,76.424,174.5,292.59,563.86,1.9257,5.3209,-3.7245,2.5905,0.91094,2.5397,-1.3896,0.40737,0.95225,3.5805,-0.99621,0.81083,0.56264,1.6618,-1.2602,0.088642,0.37652,1.613,-0.37673,0.42479,0.46899,0.99096,-1.2767,-0.19825,0.43267,0.83353,-1.1958,-0.24764,0.31602,1.0386,-0.67533,0.024125,0.29278,0.91787,-0.66128,0.015147,0.35572,0.85847,-0.80299,0.054014,0.28518,0.79475,-0.96663,-0.1573,0.21241,0.61285,-0.67325,-0.066255,0.77965,2.5905,-0.24764,0.31216
226.63,187.98,699.68,94.653,135.42,0.073294,0.22888,1.25,10.719,28.15,6.6,17.388,0.42515,1.15,0.05,0.47,29.596,0.96732,36.995,99.934,253.57,327.24,563.85,1.955,5.5748,-2.4456,2.8772,0.79229,2.5995,-1.916,0.30852,0.91349,3.5799,-1.296,0.69133,0.60197,1.4364,-1.498,0.10311,0.44319,1.8771,-0.7323,0.27177,0.58911,1.5482,-1.2681,0.026334,0.47094,1.0922,-1.1421,-0.17459,0.38196,1.0645,-1.1708,-0.062319,0.34551,0.97026,-0.71183,0.10846,0.29966,1.0107,-0.7889,-0.040707,0.31063,0.8029,-0.88484,-0.090471,0.24181,0.6012,-0.78538,-0.11564,0.83864,2.8772,-0.17459,0.32525
151.31,81.027,467.42,91.325,128.06,0.07476,0.23184,0.98592,12.198,32.05,14.8,23.425,0.29297,1.65,1.1,1.3167,11.861,0.92224,17.791,72.8,163.89,333.12,393.74,1.9711,5.3999,-3.3336,2.5637,0.79694,2.6121,-1.4927,0.33881,0.9821,3.5854,-1.0532,1.1776,0.45523,1.3434,-1.0381,0.32617,0.3836,1.347,-0.79124,0.23334,0.52389,1.2541,-1.2439,0.12597,0.56156,1.0015,-1.5455,-0.15614,0.30708,0.60441,-0.9349,-0.11377,0.28166,0.68583,-0.70755,-0.0068308,0.2448,0.51626,-0.75894,-0.089628,0.27665,0.57904,-0.84089,-0.20471,0.31561,0.60725,-1.1366,-0.077093,0.7938,2.5637,-0.20471,0.34312
216.6,173.51,629.59,95.784,132.6,0.091481,0.29387,0.82192,0,43,43,43,0.45962,0.9,0.25,0.575,37.391,0.97395,74.783,60.07,126.4,324.58,402.96,1.7269,5.2484,-3.0016,2.5492,0.72127,2.8194,-1.087,0.41883,1.021,3.5733,-0.99114,1.2546,0.51681,2.0863,-0.93644,0.42691,0.3877,1.2056,-0.86365,0.1778,0.57714,1.3836,-1.2528,-0.0015861,0.49235,0.90304,-1.5452,-0.16934,0.26598,1.0034,-0.88218,-0.088815,0.28774,0.7109,-0.80657,-0.032646,0.27903,0.7267,-0.8201,-0.09589,0.23513,0.55977,-0.8221,-0.077648,0.23068,0.43579,-0.84694,-0.15377,0.80129,2.5492,-0.16934,0.35063
224.69,174.84,626.49,83.769,147.79,0.07925,0.22722,0.81081,0,42.15,42.15,42.15,0,1.25,1.25,1.25,33.72,0.9712,33.72,77.538,150.12,186.95,311.19,1.774,5.4284,-2.866,2.5442,0.77323,2.7571,-1.2744,0.67123,0.97971,3.1984,-1.2734,1.0507,0.41636,1.7305,-0.29862,0.52859,0.43196,1.7394,-0.81796,0.15729,0.62341,1.2144,-1.3613,-0.19575,0.48374,1.0298,-1.1132,0.022083,0.24987,0.6311,-0.85505,-0.10515,0.2768,0.78654,-0.65394,0.041518,0.29267,0.72953,-0.67953,-0.0025789,0.2605,0.43027,-0.92497,-0.16083,0.23662,0.61145,-0.55522,-0.0082154,0.77982,2.5442,-0.19575,0.37859
210.35,33.714,487.02,154.64,211.18,0.057231,0.26438,0.59259,23.759,33.65,0.05,16.85,0.14142,0.4,0.2,0.3,56.167,0.98251,56.167,57.665,137.1,168.78,300.95,1.773,4.8358,-3.6723,2.0854,0.70888,2.2924,-1.0625,0.58021,0.90682,3.0244,-1.3726,0.54366,0.5422,1.6378,-0.9763,0.33525,0.42487,1.4134,-0.63746,0.38352,0.53811,1.5187,-1.1535,-0.0095219,0.32012,0.74213,-1.0994,0.0508,0.30355,0.75615,-0.72104,-0.01124,0.32137,0.92312,-0.48466,0.1726,0.3393,0.62738,-0.93827,-0.084114,0.25029,0.61728,-0.87169,0.024293,0.26762,0.87269,-0.5305,0.27172,0.58645,2.0854,-0.084114,0.36188
0,0,0,0,0,0,0,0,0,0,0,0,0,0,0,0,0,0,0,0,0,0,0,0,0,0,0,0,0,0,0,0,0,0,0,0,0,0,0,0,0,0,0,0,0,0,0,0,0,0,0,0,0,0,0,0,0,0,0,0,0,0,0,0,0,0,0,0,0,0,0,0,0,0,0
191.96,33.406,264.13,135.67,197.72,0.087996,0.28852,0.79365,26.764,38.1,0.25,19.175,0.15,0.3,0,0.15,85.222,0.98866,127.83,46.248,100.59,283.53,478.12,1.6875,5.2617,-1.7294,2.3882,0.95779,3.1123,-1.7007,0.72898,0.99375,2.6682,-1.5418,0.43158,0.55425,1.6557,-0.75968,0.46063,0.43627,1.465,-0.97041,0.35704,0.59921,1.5841,-1.2784,0.12529,0.3066,1.28,-0.57061,0.10959,0.31627,0.662,-1.2096,-0.13422,0.32165,0.87277,-0.46341,0.21398,0.25178,0.43395,-0.93932,-0.14011,0.29632,0.59351,-0.86191,-0.090953,0.268,1.0519,-0.2245,0.3957,0.67958,2.3882,-0.14011,0.40381
215.11,32.52,276.22,119.15,216.33,0.074811,0.21139,0.84211,0,15.05,15.05,15.05,0.18028,0.35,0,0.15,33.444,0.99298,100.33,48.159,135.76,415.52,794.53,2.1759,5.795,-4.1904,2.0615,0.82494,3.4738,-1.2798,0.84182,0.84488,2.7047,-0.94888,0.79321,0.59568,1.5399,-0.97681,0.3673,0.38369,1.3314,-0.69813,0.28075,0.52349,1.6515,-1.3528,0.053538,0.36867,0.74988,-1.0634,-0.049492,0.32093,0.57001,-1.0301,-0.14255,0.30995,0.93153,-0.84202,0.10192,0.29439,0.54061,-0.90919,-0.19136,0.27137,0.60919,-1.0803,-0.064673,0.29767,1.2158,-0.41276,0.35119,0.63143,2.0615,-0.19136,0.36693
221.17,49.819,334.15,141.91,213.66,0.13315,0.38131,0.80645,0,0.4,0.4,0.4,0.10607,0.15,0,0.075,2.6667,0.99631,5.3333,29.456,70.015,528.37,582.84,2.0702,5.3072,-3.9627,2.1811,0.70143,2.7324,-0.71002,0.8196,0.75097,2.8994,-0.77003,0.91772,0.37707,1.4799,-0.37257,0.54843,0.40476,1.2233,-0.88835,0.23969,0.56216,1.4205,-0.89465,0.25746,0.32054,0.71146,-0.96175,-0.01942,0.30577,0.78009,-0.86991,-0.19464,0.24274,0.90128,-0.53992,0.17969,0.28153,0.67272,-0.93714,-0.18953,0.26605,0.54578,-0.97953,-0.034498,0.25069,1.0014,-0.19474,0.34317,0.66038,2.1811,-0.19464,0.42073
0,0,0,0,0,0,0,0,0,0,0,0,0,0,0,0,0,0,0,0,0,0,0,0,0,0,0,0,0,0,0,0,0,0,0,0,0,0,0,0,0,0,0,0,0,0,0,0,0,0,0,0,0,0,0,0,0,0,0,0,0,0,0,0,0,0,0,0,0,0,0,0,0,0,0
219.18,28.453,263.63,164.05,220.54,0.073405,0.23174,0.45198,7.1458,19.2,0.25,9.65,0.29277,0.9,0,0.275,26.318,0.96342,35.091,54.889,151.04,354.74,726.63,1.84,5.984,-2.9238,2.3835,0.90188,3.0574,-1.5595,0.6806,1.0048,3.1652,-1.3723,0.45849,0.59402,1.8731,-1.2638,0.34339,0.42455,1.4356,-0.64001,0.32403,0.50504,1.482,-1.3005,0.15151,0.41985,1.0616,-0.98855,0.042835,0.40592,0.82506,-1.2343,-0.07625,0.30277,0.96832,-0.75937,0.17586,0.3546,0.90878,-0.95045,-0.1232,0.22661,0.79555,-0.6549,-0.019,0.24675,1.0596,-0.29067,0.28882,0.67088,2.3835,-0.1232,0.38588
236.96,39.756,347.98,139.76,233.08,0.098845,0.30907,0.57143,0,26.05,26.05,26.05,0.076376,0.15,0,0.083333,104.2,0.9966,312.6,62.394,164.47,318.81,673.76,1.7189,6.2177,-2.5373,2.5536,0.92735,4.1126,-1.2238,0.62268,0.82626,2.724,-1.2046,0.35417,0.58396,1.5816,-1.3781,0.14714,0.48099,1.9787,-0.83526,0.47174,0.46777,1.2643,-1.5494,0.020949,0.38545,1.1477,-0.99697,0.1352,0.33646,0.90461,-1.3,-0.091754,0.33946,1.0063,-0.9198,0.16099,0.32944,0.72375,-1.1447,-0.024813,0.26634,0.54648,-0.97708,-0.07795,0.2811,1.1481,-0.39053,0.32539,0.71874,2.5536,-0.091754,0.38311
198.15,48.498,442.12,136.63,195.73,0.084468,0.25487,0.94595,15.238,36.7,15.15,25.925,0.67885,2.2,1,1.4167,12.2,0.92424,18.3,73.178,164.11,227.6,436.21,1.5869,5.5106,-2.0137,2.4952,0.83852,2.612,-1.8942,0.75803,0.91364,2.9454,-1.4186,0.94895,0.47943,2.0101,-0.54843,0.56172,0.40387,1.2137,-0.94447,0.19314,0.5419,1.4138,-1.0413,0.27205,0.33701,0.88791,-1.1661,0.01747,0.42506,1.3228,-1.6052,-0.2607,0.28529,0.90564,-0.68135,0.18248,0.31909,0.64712,-1.1348,-0.19965,0.25011,0.66747,-0.84327,0.0026047,0.32391,1.117,-0.55149,0.34653,0.74057,2.4952,-0.2607,0.44315
200.35,45.983,314.25,136.12,210.17,0.084963,0.2144,1.3953,0,45.25,45.25,45.25,0.28284,0.4,0,0.2,113.12,0.99142,226.25,56.619,108.35,196.04,352.6,1.3946,4.8929,-3.0836,2.2934,0.73698,2.5085,-0.67888,0.82702,0.88484,3.0798,-0.96877,1.0289,0.49685,1.6485,-1.0581,0.46756,0.45065,1.4699,-0.83174,0.21166,0.58329,1.7776,-1.2767,0.34892,0.3405,0.85285,-1.049,0.16609,0.42274,0.82347,-1.4358,-0.23607,0.31495,0.89173,-0.43971,0.23087,0.26507,0.35482,-1.2873,-0.2336,0.21164,0.65773,-0.59075,-0.033704,0.31917,1.0496,-0.48718,0.31312,0.69164,2.2934,-0.23607,0.44868
0,0,0,0,0,0,0,0,0,0,0,0,0,0,0,0,0,0,0,0,0,0,0,0,0,0,0,0,0,0,0,0,0,0,0,0,0,0,0,0,0,0,0,0,0,0,0,0,0,0,0,0,0,0,0,0,0,0,0,0,0,0,0,0,0,0,0,0,0,0,0,0,0,0,0
0,0,0,0,0,0,0,0,0,0,0,0,0,0,0,0,0,0,0,0,0,0,0,0,0,0,0,0,0,0,0,0,0,0,0,0,0,0,0,0,0,0,0,0,0,0,0,0,0,0,0,0,0,0,0,0,0,0,0,0,0,0,0,0,0,0,0,0,0,0,0,0,0,0,0
0,0,0,0,0,0,0,0,0,0,0,0,0,0,0,0,0,0,0,0,0,0,0,0,0,0,0,0,0,0,0,0,0,0,0,0,0,0,0,0,0,0,0,0,0,0,0,0,0,0,0,0,0,0,0,0,0,0,0,0,0,0,0,0,0,0,0,0,0,0,0,0,0,0,0
180.16,31.143,494.66,133.39,169.31,0.14803,0.37861,0.95238,0,26.65,26.65,26.65,0.21213,0.3,0,0.15,88.833,0.99161,177.67,29.536,70.089,315.13,522.71,1.7823,4.3336,-3.7682,2.0054,0.86095,2.7426,-2.0479,0.72491,0.76519,2.9486,-1.1418,0.99571,0.66031,1.7517,-1.1965,0.34068,0.58197,2.2329,-0.50008,0.54497,0.50697,0.82366,-1.6153,-0.24556,0.38637,0.96847,-0.98592,0.01744,0.34249,0.86261,-0.90788,0.018201,0.29503,1.1261,-0.583,0.056668,0.27394,0.49422,-1.1402,-0.13644,0.19638,0.53022,-0.46481,0.097817,0.2075,0.54956,-0.48411,0.15308,0.62702,2.0054,-0.24556,0.38107
194.1,44.268,502.71,142.34,190.82,0.10032,0.26334,0.77922,0,48.3,48.3,48.3,0,0.05,0.05,0.05,966,0.99897,966,30.903,88.814,409.07,955.31,1.9402,5.1664,-3.5576,1.8276,0.74389,2.9912,-0.82966,0.89558,0.89987,3.1498,-1.0642,1.2451,0.63714,1.5632,-1.8671,0.11493,0.42646,1.8749,-0.45931,0.51103,0.58999,1.048,-1.7648,-0.18797,0.36645,1.2204,-0.9004,0.1174,0.37443,0.76273,-1.1683,-0.14046,0.35943,0.82149,-0.98767,-0.083242,0.28289,0.47292,-0.85296,-0.17172,0.29728,1.1387,-0.37327,0.28576,0.17135,0.67325,-0.32149,0.13862,0.63574,1.8276,-0.18797,0.37939
162.76,18.54,212.27,132.2,159.42,0.11998,0.30778,0.66667,12.233,18,0.7,9.35,0.24281,0.55,0,0.2375,19.684,0.98209,39.368,44.259,93.027,428.45,707.91,1.8058,5.8357,-2.6176,2.5315,1.1653,3.5377,-1.5584,0.54286,0.9307,3.0274,-1.5735,0.7193,0.64493,1.8765,-1.095,0.19819,0.41633,1.6157,-0.38532,0.71975,0.38567,0.67154,-1.6121,-0.3353,0.38057,1.4218,-0.88589,0.11473,0.40308,1.0964,-1.2414,0.0098717,0.3118,0.94552,-0.82458,0.09459,0.29261,0.58966,-1.0535,-0.1366,0.23979,0.8585,-0.45942,0.21501,0.20726,0.55752,-0.6406,0.0060657,0.74787,2.5315,-0.3353,0.39
170.46,18.309,225.77,79.98,168.53,0.1116,0.32395,1.0294,0,72.4,72.4,72.4,0.21213,0.3,0,0.15,241.33,0.99602,482.67,67.669,128.41,420.16,612.19,1.6163,5.4729,-2.5089,2.5771,1.1585,3.3499,-2.0165,0.39821,0.95616,3.3659,-1.4246,0.72756,0.70146,1.8909,-1.5116,0.18206,0.48668,2.25,-0.42302,0.8219,0.38718,0.64862,-1.4536,-0.30523,0.40738,1.2146,-0.70211,0.177,0.47099,1.4532,-1.467,0.001375,0.31311,0.98277,-0.86919,0.030492,0.26532,0.70798,-0.8813,-0.070027,0.24234,0.94765,-0.46555,0.2305,0.23488,0.49952,-0.80664,-0.047972,0.76067,2.5771,-0.30523,0.39358
160.91,16.106,188.17,93.151,156.93,0.079215,0.23776,0.93567,9.3338,14.5,1.3,7.9,0.11547,0.2,0,0.13333,39.5,0.9925,59.25,54.305,126.81,243.68,543.41,1.5461,5.3489,-2.5728,2.263,0.92457,3.1024,-3.0538,0.46745,0.84868,2.7672,-0.90978,1.1535,0.57282,1.4756,-1.1393,0.24464,0.42234,1.5752,-0.93509,0.51953,0.48586,0.96126,-1.3691,-0.14158,0.4216,1.338,-0.65827,0.17861,0.39501,0.97472,-1.046,0.0047081,0.30812,1.0606,-0.73103,0.076292,0.23006,0.79327,-0.80926,-0.081997,0.30655,0.93908,-0.62103,0.17867,0.20133,0.68021,-0.56268,0.053582,0.67992,2.263,-0.14158,0.4097
170.61,13.29,200.12,142.73,171.71,0.09921,0.23551,0.96,0,43.35,43.35,43.35,0.070711,0.1,0,0.05,433.5,0.99771,867,74.412,120.84,129.69,290.69,1.3609,4.9975,-2.1047,2.4523,0.89934,3.221,-1.2067,0.74855,0.8105,2.9498,-0.99386,1.1833,0.6198,1.3101,-1.2938,0.16664,0.40942,1.8211,-0.2147,0.73771,0.43142,0.91738,-1.4281,-0.17102,0.45296,1.4223,-0.67264,0.22836,0.44445,0.67096,-1.5761,-0.15669,0.27219,0.7603,-0.70359,0.023122,0.29247,0.35951,-1.0927,-0.29089,0.25306,0.81813,-0.40806,0.19428,0.21516,0.59162,-0.53094,0.044765,0.77211,2.4523,-0.29089,0.43003
0,0,0,0,0,0,0,0,0,0,0,0,0,0,0,0,0,0,0,0,0,0,0,0,0,0,0,0,0,0,0,0,0,0,0,0,0,0,0,0,0,0,0,0,0,0,0,0,0,0,0,0,0,0,0,0,0,0,0,0,0,0,0,0,0,0,0,0,0,0,0,0,0,0,0
208.79,158.06,614.12,78.403,141.56,0.070706,0.26664,0.88496,7.6368,19.25,8.45,13.85,1.15,2.65,0.35,1.5,6.1556,0.86025,9.2333,71.638,168.17,151.81,237.78,1.5327,4.8923,-1.0934,2.1236,0.63465,1.9221,-1.1985,0.20201,0.81917,2.9665,-0.56145,0.87222,0.72915,1.7502,-1.2229,0.24453,0.43351,1.6355,-0.26359,0.75767,0.3971,1.0256,-0.99779,-0.11405,0.47176,0.57179,-1.7256,-0.27278,0.4033,0.63503,-1.4414,-0.1742,0.33797,0.64033,-1.3566,-0.21199,0.36751,0.89392,-0.87806,0.063051,0.21979,0.64381,-0.61619,-0.023367,0.1867,0.72423,-0.36132,0.16265,0.67696,2.1236,-0.27278,0.30244
0,0,0,0,0,0,0,0,0,0,0,0,0,0,0,0,0,0,0,0,0,0,0,0,0,0,0,0,0,0,0,0,0,0,0,0,0,0,0,0,0,0,0,0,0,0,0,0,0,0,0,0,0,0,0,0,0,0,0,0,0,0,0,0,0,0,0,0,0,0,0,0,0,0,0
0,0,0,0,0,0,0,0,0,0,0,0,0,0,0,0,0,0,0,0,0,0,0,0,0,0,0,0,0,0,0,0,0,0,0,0,0,0,0,0,0,0,0,0,0,0,0,0,0,0,0,0,0,0,0,0,0,0,0,0,0,0,0,0,0,0,0,0,0,0,0,0,0,0,0
278.89,240.6,735.11,92.517,113.78,0.052306,0.17224,1.6279,0,31.1,31.1,31.1,0.10607,0.4,0.25,0.325,47.846,0.97953,95.692,95.158,251.19,101.59,236.81,1.9358,5.541,-3.5164,2.4493,0.80152,2.5113,-1.6788,0.13365,0.73591,3.0266,-0.95288,0.79495,0.67728,1.2902,-2.1233,-0.050721,0.34078,1.4234,-0.19941,0.69477,0.5173,1.15,-0.97278,-0.020558,0.47542,1.0516,-1.1963,-0.12591,0.33882,0.7238,-1.0395,-0.20012,0.35138,1.2753,-0.64516,0.15945,0.29834,0.81647,-0.7293,0.090807,0.29338,0.82267,-0.93863,-0.17429,0.24101,0.58743,-0.52553,0.063038,0.74139,2.4493,-0.20012,0.31787
239.49,191.39,675.81,79.377,122.11,0.050487,0.13527,1.6867,0,28.15,28.15,28.15,0.81317,1.35,0.2,0.775,18.161,0.94781,36.323,104.57,220.75,82.228,169.05,1.8564,5.4888,-2.4892,2.308,0.95193,3.4163,-1.9473,0.39234,0.89668,3.2433,-1.2425,0.79378,0.89357,1.8733,-2.1918,-0.089388,0.42096,1.8245,-0.049501,0.78087,0.43301,1.0551,-0.85221,0.24852,0.39512,0.87467,-1.008,0.018234,0.27283,0.70517,-0.66087,-0.07549,0.24005,0.62723,-0.8413,-0.035126,0.25207,0.63385,-0.50751,0.10498,0.3837,0.83568,-1.0022,-0.056794,0.21717,0.42107,-0.70431,-0.051054,0.69056,2.308,-0.089388,0.36157
0,0,0,0,0,0,0,0,0,0,0,0,0,0,0,0,0,0,0,0,0,0,0,0,0,0,0,0,0,0,0,0,0,0,0,0,0,0,0,0,0,0,0,0,0,0,0,0,0,0,0,0,0,0,0,0,0,0,0,0,0,0,0,0,0,0,0,0,0,0,0,0,0,0,0
0,0,0,0,0,0,0,0,0,0,0,0,0,0,0,0,0,0,0,0,0,0,0,0,0,0,0,0,0,0,0,0,0,0,0,0,0,0,0,0,0,0,0,0,0,0,0,0,0,0,0,0,0,0,0,0,0,0,0,0,0,0,0,0,0,0,0,0,0,0,0,0,0,0,0
0,0,0,0,0,0,0,0,0,0,0,0,0,0,0,0,0,0,0,0,0,0,0,0,0,0,0,0,0,0,0,0,0,0,0,0,0,0,0,0,0,0,0,0,0,0,0,0,0,0,0,0,0,0,0,0,0,0,0,0,0,0,0,0,0,0,0,0,0,0,0,0,0,0,0
114.77,9.9449,134.27,99.586,113.19,0.059161,0.15335,1.3072,0,51.3,51.3,51.3,0.6364,1.3,0.4,0.85,30.176,0.96792,60.353,66.226,165.06,319.71,577.14,2.1626,5.5809,-4.2045,2.4866,1.0688,3.4711,-1.6426,0.38894,0.99342,3.4659,-1.4541,0.74225,0.78838,1.5739,-2.0712,-0.34286,0.39711,1.5396,-0.27298,0.6565,0.44259,1.2093,-0.83261,0.10177,0.50935,1.1634,-1.5417,-0.014681,0.30049,1.1717,-0.69796,0.043359,0.40896,1.0025,-1.0943,-0.090601,0.29639,1.0534,-0.64349,0.088595,0.34679,0.82218,-1.1626,-0.15764,0.21488,0.65765,-0.56545,-0.017103,0.75255,2.4866,-0.34286,0.32376
145.44,108.43,522.37,86.94,112.45,0.063317,0.1676,0.85561,12.153,33.7,2.25,13.73,0.59048,1.65,0.05,0.46667,24.518,0.96081,29.421,111.86,231.69,296.87,406.26,1.9565,5.9454,-3.5205,2.976,0.88635,2.9332,-2.2138,0.25297,0.8901,2.9256,-1.295,0.68008,0.85192,1.517,-2.7462,-0.24776,0.4353,2.1075,-0.44313,0.71508,0.50589,1.4522,-1.2804,0.19465,0.40285,0.97553,-0.83035,0.015712,0.28497,0.82117,-0.7325,0.030526,0.36418,0.8534,-1.0043,-0.071245,0.28798,0.87101,-0.70124,0.098124,0.3098,0.60821,-1.0284,-0.17968,0.21894,0.92196,-0.51727,-0.021316,0.87372,2.976,-0.24776,0.37026
134.99,64.315,398.81,91.2,117.45,0.10477,0.26668,1.0465,0,47.25,47.25,47.25,0,0.15,0.15,0.15,315,0.99684,315,58.268,125.49,332.25,510.52,1.6537,5.4365,-2.384,2.6243,0.86484,3.1973,-1.9561,0.021193,0.97792,3.4326,-0.98435,1.3133,0.59461,1.3972,-1.34,0.17142,0.38463,1.8279,-0.091771,0.71818,0.45529,1.1609,-1.0273,0.11284,0.4816,1.2664,-1.3127,0.063693,0.33358,0.63984,-0.88455,-0.12283,0.37366,0.81724,-0.9668,-0.11428,0.29182,0.87676,-0.72794,0.17049,0.30637,0.35311,-1.2491,-0.34007,0.25362,0.62282,-0.84761,-0.043808,0.83149,2.6243,-0.34007,0.3812
119.42,27.469,398.86,87.442,119.39,0.09459,0.22813,1.0127,28.001,40.05,0.45,20.25,0.076376,0.15,0,0.066667,202.5,0.9952,303.75,84.898,126.42,168.59,233.88,1.5773,5.6959,-1.9346,2.6218,0.89434,3.0803,-1.7307,0.45918,0.8092,3.0932,-0.75976,1.1833,0.60349,1.5476,-2.2197,0.10532,0.3786,1.5514,-0.31225,0.68335,0.49638,1.134,-0.91241,0.24199,0.42432,1.1753,-1.0452,0.14454,0.31393,0.68626,-0.80788,-0.071863,0.34884,0.79562,-0.95408,-0.030693,0.22673,0.73789,-0.45324,0.10757,0.29349,0.47655,-0.99409,-0.24082,0.243,0.52531,-0.64597,-0.083915,0.79434,2.6218,-0.24082,0.42665
353.13,238.55,714.17,108.14,171.69,0.060681,0.18956,1.1765,14.46,26.8,6.35,16.575,0.14142,0.25,0.05,0.15,110.5,0.99103,110.5,64.95,182.8,196.03,338.23,1.7398,5.2021,-2.8907,2.342,0.85757,2.0071,-1.9158,-0.21401,0.82452,3.5345,-0.26284,1.0052,0.43849,1.3985,-0.95462,-0.051801,0.38914,1.2278,-0.60348,0.29795,0.54446,1.4952,-1.1006,0.017628,0.45207,0.65383,-1.4008,-0.39282,0.29465,0.69303,-0.79972,-0.032304,0.40165,0.75985,-1.1287,-0.018958,0.38871,0.83725,-0.8015,0.010623,0.29196,0.90778,-1.0837,-0.21058,0.25649,0.8362,-0.33049,0.17902,0.74766,2.342,-0.39282,0.24433
260.47,193.72,661.3,76.178,149.13,0.086749,0.26014,0.72993,0,31.55,31.55,31.55,0.35355,1.3,0.8,1.05,15.024,0.93759,30.048,33.575,79.236,400.06,558.95,1.659,4.5018,-2.9896,2.1986,0.8637,3.2037,-1.2837,0.19545,1.1255,3.5254,-0.99672,1.0516,0.58982,1.4638,-1.7193,-0.056704,0.34825,1.5397,-0.30234,0.45115,0.4307,1.2179,-0.67978,0.23559,0.47711,0.54393,-1.4677,-0.24112,0.26214,0.47476,-0.58958,-0.041904,0.34753,0.45833,-0.92067,-0.16926,0.43437,1.2491,-0.8527,0.00081251,0.33365,0.71067,-1.0982,-0.16285,0.29039,0.85852,-0.75123,0.12327,0.6941,2.1986,-0.24112,0.29872
220.03,141.11,588.05,104.11,149.91,0.064617,0.19078,1.0811,9.2058,23.45,2.1,12.01,0.3937,1.1,0.1,0.45,22.241,0.95697,26.689,66.924,146.55,398.23,602.06,1.951,5.3464,-2.5725,2.4538,0.90555,2.5261,-2.0869,0.062835,0.90571,3.3274,-1.0785,1.0747,0.5964,1.4037,-2.1004,-0.050897,0.36729,1.3336,-0.72417,0.24609,0.49021,1.8335,-0.89514,0.15347,0.43499,0.68162,-1.5188,-0.47789,0.31631,1.2039,-0.57681,0.13783,0.32328,0.70248,-0.879,-0.038564,0.31621,0.91125,-0.97919,-0.095963,0.25827,0.4843,-0.78746,-0.15354,0.27315,0.61692,-0.75846,-0.04512,0.77817,2.4538,-0.47789,0.27223
166.43,31.366,433.62,125.99,162.67,0.070846,0.18539,0.98765,25.279,46.3,10.55,28.425,0.58949,1.25,0.1,0.6,31.583,0.96931,47.375,51.132,119.33,539.43,786.38,1.7273,4.718,-4.1768,2.3026,1.0609,2.6267,-2.2629,0.26313,1.0228,3.7937,-1.1198,0.85068,0.5406,1.0843,-1.5474,-0.20377,0.45916,1.539,-0.62309,0.31967,0.53253,1.7238,-1.214,0.26812,0.53091,0.55912,-1.4971,-0.46073,0.35971,0.97594,-1.0547,0.0025019,0.35184,0.84105,-1.1713,-0.06278,0.39003,0.88228,-0.8978,-0.027049,0.22211,0.53888,-0.78413,-0.12112,0.2964,0.82364,-0.66133,0.064413,0.71955,2.3026,-0.46073,0.26631
211.54,46.385,525.53,145.74,214.17,0.12172,0.31802,0.37383,17.925,27.15,1.8,14.475,0.12583,0.25,0,0.11667,82.714,0.98807,124.07,31.868,100.18,240.13,446.09,1.8986,4.7501,-3.7143,2.1641,0.92258,2.3371,-1.6946,0.49775,0.69579,2.4152,-1.0579,0.58804,0.5623,1.5118,-1.5132,0.092119,0.47571,1.6438,-0.30276,0.54448,0.48919,0.91472,-1.2016,-0.10274,0.35561,0.93233,-0.96302,-0.011882,0.37501,0.578,-1.3799,-0.17788,0.348,0.83588,-0.63875,0.21023,0.27983,0.77123,-0.60836,-0.049985,0.24996,0.64386,-0.73346,-0.032939,0.28021,0.98516,-0.41274,0.23397,0.63412,2.1641,-0.17788,0.32961
0,0,0,0,0,0,0,0,0,0,0,0,0,0,0,0,0,0,0,0,0,0,0,0,0,0,0,0,0,0,0,0,0,0,0,0,0,0,0,0,0,0,0,0,0,0,0,0,0,0,0,0,0,0,0,0,0,0,0,0,0,0,0,0,0,0,0,0,0,0,0,0,0,0,0
201.38,18.263,248.47,173.64,195.01,0.059619,0.16734,0.82949,41.507,59.85,1.15,30.5,0.36056,0.7,0,0.4,50.833,0.98089,76.25,78.446,209.85,119.34,513.83,1.9417,6.1828,-3.5698,2.0669,0.78523,2.9856,-1.8062,0.85596,0.75847,2.8097,-0.61329,1.0013,0.52266,1.5999,-1.3368,0.1606,0.39599,1.7437,-0.5429,0.49069,0.45464,1.1794,-1.0632,0.0061121,0.29499,1.1983,-0.78813,0.04542,0.29035,0.5871,-0.97557,-0.1645,0.32423,0.9584,-0.73643,0.095332,0.24669,0.73822,-0.61283,-0.049029,0.23274,0.54317,-0.78067,-0.042653,0.29608,1.1699,-0.49164,0.25151,0.64137,2.0669,-0.1645,0.39313
0,0,0,0,0,0,0,0,0,0,0,0,0,0,0,0,0,0,0,0,0,0,0,0,0,0,0,0,0,0,0,0,0,0,0,0,0,0,0,0,0,0,0,0,0,0,0,0,0,0,0,0,0,0,0,0,0,0,0,0,0,0,0,0,0,0,0,0,0,0,0,0,0,0,0
0,0,0,0,0,0,0,0,0,0,0,0,0,0,0,0,0,0,0,0,0,0,0,0,0,0,0,0,0,0,0,0,0,0,0,0,0,0,0,0,0,0,0,0,0,0,0,0,0,0,0,0,0,0,0,0,0,0,0,0,0,0,0,0,0,0,0,0,0,0,0,0,0,0,0
0,0,0,0,0,0,0,0,0,0,0,0,0,0,0,0,0,0,0,0,0,0,0,0,0,0,0,0,0,0,0,0,0,0,0,0,0,0,0,0,0,0,0,0,0,0,0,0,0,0,0,0,0,0,0,0,0,0,0,0,0,0,0,0,0,0,0,0,0,0,0,0,0,0,0
0,0,0,0,0,0,0,0,0,0,0,0,0,0,0,0,0,0,0,0,0,0,0,0,0,0,0,0,0,0,0,0,0,0,0,0,0,0,0,0,0,0,0,0,0,0,0,0,0,0,0,0,0,0,0,0,0,0,0,0,0,0,0,0,0,0,0,0,0,0,0,0,0,0,0
202.76,33.816,257.33,131.43,207.07,0.1029,0.27909,0.72727,0,52.15,52.15,52.15,0.10607,0.25,0.1,0.175,149,0.99333,298,62.982,115.1,190.22,381.71,1.2935,4.6821,-1.706,2.2917,0.68078,2.3213,-0.91363,0.65513,0.81775,3.1083,-0.86432,1.1028,0.43598,1.2267,-1.0215,0.3081,0.36826,1.5191,-0.55031,0.39428,0.49513,1.1984,-1.1128,0.073584,0.30634,0.74366,-0.82872,0.081212,0.33728,0.819,-1.1921,-0.23121,0.3312,1.0689,-0.60406,0.23238,0.24305,0.45822,-0.82808,-0.1175,0.27115,0.61145,-0.65344,-0.070899,0.29018,1.0497,-0.3668,0.30638,0.69247,2.2917,-0.23121,0.41883
0,0,0,0,0,0,0,0,0,0,0,0,0,0,0,0,0,0,0,0,0,0,0,0,0,0,0,0,0,0,0,0,0,0,0,0,0,0,0,0,0,0,0,0,0,0,0,0,0,0,0,0,0,0,0,0,0,0,0,0,0,0,0,0,0,0,0,0,0,0,0,0,0,0,0
191.66,104.79,555.91,77.105,163.47,0.067907,0.21689,0.65041,21.178,30.45,0.5,15.475,0.21213,0.35,0.05,0.2,77.375,0.98724,77.375,54.533,151.21,125.31,353.42,1.7575,4.9498,-3.0507,2.4304,0.72642,2.814,-0.81145,0.6943,0.83601,2.3266,-1.0911,0.3017,0.4493,1.0423,-0.98463,0.15415,0.37444,1.4362,-0.40147,0.44875,0.42142,0.99176,-1.0381,-0.1543,0.32722,0.57098,-1.4199,-0.17285,0.31327,0.42327,-0.93912,-0.25337,0.26689,0.8408,-0.34806,0.17755,0.30008,0.62979,-0.66238,-0.10089,0.23419,0.57268,-0.6402,-0.083167,0.22578,0.68352,-0.55671,0.15239,0.72726,2.4304,-0.25337,0.29956
0,0,0,0,0,0,0,0,0,0,0,0,0,0,0,0,0,0,0,0,0,0,0,0,0,0,0,0,0,0,0,0,0,0,0,0,0,0,0,0,0,0,0,0,0,0,0,0,0,0,0,0,0,0,0,0,0,0,0,0,0,0,0,0,0,0,0,0,0,0,0,0,0,0,0
174.88,38.035,432.32,140.68,169.39,0.091927,0.24661,1.1976,0,14.25,14.25,14.25,0.45962,0.65,0,0.325,21.923,0.98922,43.846,50.072,138.19,294.4,785.29,1.7951,5.8559,-3.0563,2.2225,0.80715,2.8892,-1.2544,0.75095,0.75757,2.5894,-0.79672,0.76837,0.58358,2.0064,-1.5191,0.24391,0.36309,1.5793,-0.51456,0.42065,0.4029,0.94899,-1.2781,-0.14149,0.28657,0.81811,-0.7815,-0.028485,0.29264,0.47746,-1.1667,-0.25439,0.30829,0.84629,-0.56938,0.028793,0.25606,0.53445,-0.88659,-0.2069,0.21592,0.53039,-0.76352,-0.059887,0.22787,0.75119,-0.43737,0.13744,0.6893,2.2225,-0.25439,0.32346
158.91,14.68,192.46,94.131,159.37,0.10269,0.28552,0.81081,0,37.95,37.95,37.95,2.0506,2.9,0,1.45,13.086,0.92918,26.172,32.507,76.886,289.94,522.97,1.7022,5.221,-3.3024,2.239,0.82288,3.3897,-0.87364,1.0467,0.72914,2.7198,-1.3257,0.65744,0.53872,1.6238,-1.1087,0.33436,0.47409,1.7522,-0.80941,0.26318,0.35634,1.1671,-1.0661,0.026683,0.3163,0.647,-0.77943,-0.078462,0.32795,0.58256,-1.0058,-0.055348,0.34805,0.96598,-0.90865,0.107,0.30286,0.30472,-1.1096,-0.31053,0.23386,0.66146,-0.52119,-0.003793,0.18759,0.48355,-0.41142,0.03107,0.69612,2.239,-0.31053,0.35478
0,0,0,0,0,0,0,0,0,0,0,0,0,0,0,0,0,0,0,0,0,0,0,0,0,0,0,0,0,0,0,0,0,0,0,0,0,0,0,0,0,0,0,0,0,0,0,0,0,0,0,0,0,0,0,0,0,0,0,0,0,0,0,0,0,0,0,0,0,0,0,0,0,0,0
0,0,0,0,0,0,0,0,0,0,0,0,0,0,0,0,0,0,0,0,0,0,0,0,0,0,0,0,0,0,0,0,0,0,0,0,0,0,0,0,0,0,0,0,0,0,0,0,0,0,0,0,0,0,0,0,0,0,0,0,0,0,0,0,0,0,0,0,0,0,0,0,0,0,0
0,0,0,0,0,0,0,0,0,0,0,0,0,0,0,0,0,0,0,0,0,0,0,0,0,0,0,0,0,0,0,0,0,0,0,0,0,0,0,0,0,0,0,0,0,0,0,0,0,0,0,0,0,0,0,0,0,0,0,0,0,0,0,0,0,0,0,0,0,0,0,0,0,0,0
0,0,0,0,0,0,0,0,0,0,0,0,0,0,0,0,0,0,0,0,0,0,0,0,0,0,0,0,0,0,0,0,0,0,0,0,0,0,0,0,0,0,0,0,0,0,0,0,0,0,0,0,0,0,0,0,0,0,0,0,0,0,0,0,0,0,0,0,0,0,0,0,0,0,0
0,0,0,0,0,0,0,0,0,0,0,0,0,0,0,0,0,0,0,0,0,0,0,0,0,0,0,0,0,0,0,0,0,0,0,0,0,0,0,0,0,0,0,0,0,0,0,0,0,0,0,0,0,0,0,0,0,0,0,0,0,0,0,0,0,0,0,0,0,0,0,0,0,0,0
0,0,0,0,0,0,0,0,0,0,0,0,0,0,0,0,0,0,0,0,0,0,0,0,0,0,0,0,0,0,0,0,0,0,0,0,0,0,0,0,0,0,0,0,0,0,0,0,0,0,0,0,0,0,0,0,0,0,0,0,0,0,0,0,0,0,0,0,0,0,0,0,0,0,0
203.84,175.69,647.96,77.743,117,0.055531,0.16386,1.3333,14.55,33.1,0.4,11.96,0.27749,0.65,0.05,0.33,36.242,0.97315,36.242,79.93,174.32,294.87,530.81,2.0154,5.5822,-3.4836,1.7419,0.86691,2.3926,-1.8803,0.36857,0.98155,3.8177,-0.88662,1.1553,0.53337,1.5125,-1.3985,0.025129,0.36818,1.4574,-0.52897,0.50509,0.43705,1.3313,-1.1726,0.17961,0.39872,0.7897,-0.98272,-0.15002,0.30146,0.73003,-0.84492,-0.10086,0.3147,0.73649,-0.91746,-0.025521,0.23236,0.71819,-0.70284,0.034369,0.31557,0.55228,-1.0845,-0.22617,0.23371,0.94283,-0.70692,0.12901,0.58721,1.7419,-0.22617,0.30303
123.98,72.058,522.96,76.061,112.11,0.11123,0.28371,0.97561,24.112,34.7,0.6,17.65,0.21794,0.4,0,0.15,78.444,0.98772,117.67,44.967,90.174,283.22,446.95,1.8026,4.7511,-2.8966,1.8052,0.9446,3.2698,-2.0129,0.42884,0.87129,3.4933,-1.1998,1.1978,0.5999,1.543,-1.0859,0.28624,0.37767,1.3844,-0.2331,0.58169,0.44921,1.3234,-0.83837,0.25202,0.49554,1.0457,-1.0168,-0.057366,0.29838,0.62724,-0.76126,-0.16406,0.39614,0.7711,-1.3279,0.034067,0.22764,0.7293,-0.48195,0.036792,0.29298,0.37478,-0.95939,-0.25156,0.25433,0.94607,-0.26829,0.21494,0.59666,1.8052,-0.25156,0.36372
0,0,0,0,0,0,0,0,0,0,0,0,0,0,0,0,0,0,0,0,0,0,0,0,0,0,0,0,0,0,0,0,0,0,0,0,0,0,0,0,0,0,0,0,0,0,0,0,0,0,0,0,0,0,0,0,0,0,0,0,0,0,0,0,0,0,0,0,0,0,0,0,0,0,0
116.92,8.7206,129.46,95.305,120.24,0.061809,0.17615,0.8046,0,54.7,54.7,54.7,0,0.15,0.15,0.15,364.67,0.99727,364.67,82.537,162.41,317.99,423.63,1.631,4.8151,-3.1285,2.0265,0.8573,2.645,-1.1613,0.2991,1.0638,3.7805,-1.2472,0.79379,0.68227,1.8564,-1.7783,0.019465,0.39143,1.5313,-0.37498,0.56904,0.39264,1.1217,-0.92363,0.1677,0.41299,0.9235,-1.2762,-0.021464,0.29913,0.57282,-1.137,-0.18804,0.39022,1.0819,-1.1574,0.05407,0.27355,0.86665,-0.60606,0.090443,0.31273,0.47777,-1.1954,-0.16785,0.19739,0.79825,-0.30286,0.16864,0.60839,2.0265,-0.18804,0.31762
0,0,0,0,0,0,0,0,0,0,0,0,0,0,0,0,0,0,0,0,0,0,0,0,0,0,0,0,0,0,0,0,0,0,0,0,0,0,0,0,0,0,0,0,0,0,0,0,0,0,0,0,0,0,0,0,0,0,0,0,0,0,0,0,0,0,0,0,0,0,0,0,0,0,0
0,0,0,0,0,0,0,0,0,0,0,0,0,0,0,0,0,0,0,0,0,0,0,0,0,0,0,0,0,0,0,0,0,0,0,0,0,0,0,0,0,0,0,0,0,0,0,0,0,0,0,0,0,0,0,0,0,0,0,0,0,0,0,0,0,0,0,0,0,0,0,0,0,0,0
0,0,0,0,0,0,0,0,0,0,0,0,0,0,0,0,0,0,0,0,0,0,0,0,0,0,0,0,0,0,0,0,0,0,0,0,0,0,0,0,0,0,0,0,0,0,0,0,0,0,0,0,0,0,0,0,0,0,0,0,0,0,0,0,0,0,0,0,0,0,0,0,0,0,0
0,0,0,0,0,0,0,0,0,0,0,0,0,0,0,0,0,0,0,0,0,0,0,0,0,0,0,0,0,0,0,0,0,0,0,0,0,0,0,0,0,0,0,0,0,0,0,0,0,0,0,0,0,0,0,0,0,0,0,0,0,0,0,0,0,0,0,0,0,0,0,0,0,0,0
0,0,0,0,0,0,0,0,0,0,0,0,0,0,0,0,0,0,0,0,0,0,0,0,0,0,0,0,0,0,0,0,0,0,0,0,0,0,0,0,0,0,0,0,0,0,0,0,0,0,0,0,0,0,0,0,0,0,0,0,0,0,0,0,0,0,0,0,0,0,0,0,0,0,0
212.93,34.222,263.17,143.06,216.84,0.075464,0.25375,0.7619,10.198,21,1.05,9.8,0.46435,1.3,0.25,0.7125,10.316,0.91163,13.754,44.728,129.15,360.49,405.4,1.0788,3.8545,-2.102,1.6232,0.74713,1.866,-1.6124,0.3429,1.0419,3.3531,-0.86147,1.1255,0.64255,1.52,-1.4213,0.2289,0.45566,1.4093,-0.49979,0.39574,0.40632,0.73722,-0.97694,-0.098497,0.39177,1.0584,-0.81799,0.03083,0.39383,0.56072,-1.1242,-0.16105,0.3417,1.1276,-0.73689,0.27328,0.17242,0.40948,-0.50383,-0.10016,0.39216,0.58744,-1.2486,-0.08819,0.23169,0.75216,-0.30495,0.19728,0.54036,1.6232,-0.16105,0.31414
199.52,28.668,242.99,145.27,194.42,0.0987,0.22926,0.90909,24.254,34.45,0.15,17.3,0.33292,0.7,0.1,0.31667,36.421,0.97328,54.632,37.421,63.576,302.59,470.19,1.2973,3.928,-2.253,1.7323,1.0142,2.4486,-1.9683,0.28301,0.89397,3.3153,-0.90129,0.98309,0.50185,1.594,-0.82009,0.090719,0.3936,1.3755,-0.39427,0.41776,0.46679,1.0969,-1.1793,-0.098054,0.39406,1.193,-0.79861,0.020553,0.34117,0.64902,-0.83681,-0.056305,0.30295,1.256,-0.35597,0.39827,0.26977,0.45881,-0.84398,-0.15452,0.2447,0.86776,-0.66746,0.0030045,0.27986,1.0948,-0.36156,0.31011,0.54229,1.7323,-0.15452,0.32749
212.69,34.486,275.29,151.24,213.12,0.16594,0.40571,0.59701,0,36.75,36.75,36.75,1.2021,2.05,0.35,1.2,15.313,0.9387,30.625,23.796,46.272,558.86,779.64,1.6216,3.5796,-3.9332,1.2684,0.68375,2.1232,-1.215,0.654,0.6569,3.2793,-0.58593,1.0722,0.45013,1.4313,-0.64549,0.3619,0.45417,1.692,-0.4711,0.42276,0.35115,0.99338,-1.1292,-0.00042969,0.51892,1.1525,-1.0911,-0.017645,0.35022,0.79423,-1.0147,0.042461,0.36419,1.0186,-1.031,0.29756,0.34515,0.5697,-1.0037,-0.15328,0.24041,0.58918,-0.77811,-0.014069,0.26319,0.88187,-0.37523,0.29304,0.44794,1.2684,-0.15328,0.35224
192.91,28.945,272.33,136.51,189.86,0.098278,0.26336,0.79681,33.73,63.1,1.7,24.333,0.73144,2,0.25,1,18.25,0.94805,24.333,45.429,126.05,629.71,886.21,1.5811,4.3531,-2.7307,1.9444,0.9187,2.5787,-1.4994,0.38906,0.82447,2.7992,-1.2499,0.67111,0.62994,1.8413,-1.5573,0.10511,0.46123,2.2524,-0.95084,0.59773,0.42103,0.85331,-1.277,-0.086871,0.40775,1.1286,-0.90738,-0.096825,0.32642,0.65101,-1.1316,-0.092337,0.33683,1.0178,-0.62442,0.28201,0.24647,0.52312,-0.94382,-0.0019032,0.28297,0.72375,-0.90449,-0.053067,0.28931,1.3932,-0.57158,0.17671,0.57716,1.9444,-0.096825,0.3196
